1

0 1 0 1 0 
2

0 2 0 4 0 
3

0 0 0 4 0 
4

0 1 0 1 0 
5

0 0 0 1 0 
6

0 3 0 3 0 
7

0 3 0 3 0 
8

0 2 0 2 0 
9

0 0 0 2 0 
10

0 1 0 1 0 
11

0 4 0 1 0 
12

0 4 0 1 0 
13

0 0 0 1 0 
14
™
0 0 0 3 0 
15
™
0 2 0 3 0 
16
™
0 0 0 1 0 
17
™
0 4 0 1 0 
18
™
0 3 0 4 0 
19
™
0 3 0 4 0 
20
™
0 4 0 4 0 
21
™
0 4 0 4 0 
22
™
0 0 0 3 0 
23
™
0 4 0 3 0 
24
™
0 4 0 2 0 
25
™
0 0 0 2 0 
26
™
0 0 0 1 0 
27
™
0 3 0 1 0 
28
™
0 3 0 4 0 
29
™
0 0 0 4 0 
30
™
0 3 0 2 0 
31
™
0 3 0 2 0 
32
™
0 1 0 1 0 
33
™
0 1 0 1 0 
34
™
0 2 0 2 0 
35
™
0 2 0 2 0 
36
™
0 0 0 2 0 
37
™
0 0 0 2 0 
38
™
0 1 0 1 0 
39
™
0 1 0 1 0 
40
™
0 4 0 1 0 
41
™
0 4 0 1 0 
42
™
0 0 0 3 0 
43
™
0 3 0 3 0 
44
™
0 3 0 4 0 
45
™
0 4 0 4 0 
46
™
0 4 0 3 0 
47
™
0 0 0 3 0 
48
™
0 4 0 3 0 
49
™
0 4 0 3 0 
50
™
0 4 0 4 0 
51
™
0 4 0 4 0 
52
™
0 4 0 3 0 
53
™
0 4 0 3 0 
54
™
0 0 0 4 0 
55
™
0 3 0 4 0 
56
™
0 3 0 3 0 
57
™
0 0 0 3 0 
58
™
0 0 0 2 0 
59
™
0 0 0 2 0 
60
™
0 0 0 3 0 
61
™
0 3 0 3 0 
62
™
0 3 0 2 0 
63
™
0 3 0 2 0 
64
™
0 3 0 2 0 
65
™
0 4 0 2 0 
66
™
0 4 0 1 0 
67
™
0 4 0 1 0 
68
™
0 4 0 0 0 
69
a
0 4 0 0 0 
70
a
0 4 0 0 0 
71
a
0 0 0 1 0 
72
a
0 3 0 1 0 
73
a
0 3 0 2 0 
74
a
0 0 0 2 0 
75
a
0 3 0 1 0 
76
a
0 3 0 1 0 
77
a
0 3 0 1 0 
78
a
0 3 0 1 0 
79
a
0 4 0 2 0 
80
a
0 4 0 2 0 
81
a
0 0 0 1 0 
82
a
0 3 0 1 0 
83
a
0 3 0 2 0 
84
a
0 0 0 2 0 
85
a
0 3 0 4 0 
86
a
0 3 0 4 0 
87
a
0 2 0 3 0 
88
a
0 2 0 3 0 
89
a
0 3 0 4 0 
90
a
0 0 0 4 0 
91
a
0 4 0 1 0 
92
a
0 0 0 1 0 
93
a
0 4 0 1 0 
94
a
0 4 0 1 0 
95
a
0 0 0 2 0 
96
a
0 4 0 2 0 
97
a
0 4 0 3 0 
98
a
0 0 0 3 0 
99
a
0 3 0 2 0 
100
a
0 3 0 2 0 
101
a
0 4 0 0 0 
102
w
0 4 0 2 0 
103
w
0 0 0 2 0 
104
w
0 3 0 0 0 
105
w
0 3 0 4 0 
106
w
0 0 0 4 0 
107
w
0 0 0 1 0 
108
w
0 4 0 1 0 
109
w
0 4 0 4 0 
110
w
0 0 0 4 0 
111
d
0 0 0 1 0 
112
d
0 0 0 1 0 
113
d
0 0 0 2 0 
114
d
0 0 0 2 0 
115
d
0 3 0 4 0 
116
d
0 3 0 4 0 
117
x
0 0 0 2 0 
118
x
0 0 0 2 0 
119
x
0 3 0 1 0 
120
x
0 3 0 1 0 
121
x
0 3 0 1 0 
122
x
0 0 0 1 0 
123
d
0 4 0 2 0 
124
d
0 3 0 2 0 
125
d
0 0 0 3 0 
126
d
0 0 0 3 0 
127
d
0 1 0 4 0 
128
d
0 0 0 4 0 
129
d
0 2 0 4 0 
130
d
0 0 0 4 0 
131
d
0 4 0 1 0 
132
d
0 3 0 1 0 
133
d
0 0 0 2 0 
134
d
0 0 0 2 0 
135
d
0 1 0 1 0 
136
d
0 4 0 1 0 
137
d
0 4 0 3 0 
138
d
0 0 0 3 0 
139
d
0 3 0 3 0 
140
d
0 3 0 3 0 
141
d
0 0 0 3 0 
142
d
0 1 0 3 0 
143
d
0 0 0 4 0 
144
a
0 4 0 4 0 
145
d
0 2 0 3 0 
146
d
0 2 0 3 0 
147
d
0 0 0 4 0 
148
a
0 1 0 4 0 
149
a
0 1 0 3 0 
150
d
0 2 0 3 0 
151
d
0 2 0 4 0 
152
d
0 0 0 4 0 
153
d
0 1 0 2 0 
154
d
0 1 0 2 0 
155
d
0 2 0 4 0 
156
d
0 2 0 4 0 
157
w
0 1 0 4 0 
158
w
0 1 0 4 0 
159
w
0 4 0 1 0 
160
a
0 4 0 1 0 
161
a
0 0 0 1 0 
162
a
0 4 0 0 0 
163
a
0 4 0 0 0 
164
a
0 0 0 2 0 
165
a
0 0 0 1 0 
166
a
0 3 0 0 0 
167
a
0 3 0 0 0 
168
a
0 0 0 0 0 
169
a
0 0 0 0 0 
170
a
0 0 0 0 0 
171
a
0 4 0 0 0 
172
a
0 4 0 2 0 
173
a
0 0 0 1 0 
174
a
0 0 0 0 0 
175
w
0 4 0 0 0 
176
w
0 4 0 0 0 
177
w
0 4 0 0 0 
178
w
0 4 0 0 0 
179
w
0 3 0 4 0 
180
w
0 3 0 1 0 
181
w
0 3 0 0 0 
182
w
0 3 0 0 0 
183
w
0 4 0 0 0 
184
d
0 4 0 2 0 
185
d
0 3 0 3 0 
186
d
0 3 0 0 0 
187
d
0 4 0 2 0 
188
d
0 4 0 3 0 
189
d
0 4 0 3 0 
190
d
0 4 0 2 0 
191
d
0 0 0 2 0 
192
d
0 3 0 3 0 
193
d
0 3 0 3 0 
194
d
0 0 0 4 0 
195
d
0 0 0 4 0 
196
d
0 4 0 2 0 
197
d
0 4 0 2 0 
198
d
0 0 0 4 0 
199
s
0 4 0 4 0 
200
d
0 4 0 4 0 
201
d
0 0 0 4 0 
202
d
0 0 0 4 0 
203
d
0 0 0 4 0 
204
d
0 3 0 3 0 
205
d
0 3 0 3 0 
206
d
0 0 0 2 0 
207
d
0 4 0 2 0 
208
d
0 4 0 3 0 
209
d
0 0 0 3 0 
210
d
0 0 0 2 0 
211
d
0 3 0 2 0 
212
d
0 3 0 1 0 
213
d
0 3 0 1 0 
214
d
0 3 0 2 0 
215
d
0 3 0 2 0 
216
d
0 3 0 1 0 
217
d
0 3 0 1 0 
218
d
0 3 0 3 0 
219
d
0 0 0 3 0 
220
d
0 4 0 3 0 
221
d
0 4 0 3 0 
222
d
0 0 0 1 0 
223
d
0 0 0 1 0 
224
d
0 0 0 2 0 
225
d
0 0 0 2 0 
226
d
0 4 0 4 0 
227
d
0 4 0 4 0 
228
d
0 0 0 1 0 
229
d
0 4 0 1 0 
230
d
0 4 0 3 0 
231
d
0 3 0 3 0 
232
d
0 3 0 3 0 
233
d
0 0 0 3 0 
234
d
0 0 0 3 0 
235
d
0 0 0 3 0 
236
d
0 3 0 0 0 
237
d
0 3 0 1 0 
238
x
0 0 0 1 0 
239
x
0 3 0 1 0 
240
x
0 3 0 1 0 
241
x
0 0 0 2 0 
242
x
0 3 0 2 0 
243
x
0 3 0 1 0 
244
d
0 2 0 1 0 
245
d
0 2 0 0 0 
246
d
0 3 0 0 0 
247
d
0 0 0 0 0 
248
d
0 0 0 2 0 
249
d
0 4 0 2 0 
250
d
0 4 0 1 0 
251
d
0 4 0 1 0 
252
d
0 0 0 1 0 
253
d
0 4 0 1 0 
254
d
0 4 0 0 0 
255
d
0 0 0 0 0 
256
d
0 0 0 2 0 
257
d
0 0 0 2 0 
258
d
0 4 0 1 0 
259
d
0 4 0 1 0 
260
d
0 4 0 0 0 
261
d
0 4 0 4 0 
262
d
0 2 0 4 0 
263
d
0 2 0 2 0 
264
d
0 0 0 2 0 
265
d
0 3 0 4 0 
266
d
0 3 0 4 0 
267
x
0 0 0 2 0 
268
x
0 0 0 2 0 
269
x
0 4 0 2 0 
270
d
0 4 0 2 0 
271
x
0 0 0 3 0 
272
x
0 0 0 3 0 
273
x
0 3 0 4 0 
274
x
0 3 0 4 0 
275
x
0 3 0 1 0 
276
x
0 3 0 1 0 
277
x
0 0 0 4 0 
278
x
0 4 0 4 0 
279
x
0 4 0 4 0 
280
d
0 0 0 4 0 
281
d
0 0 0 3 0 
282
d
0 4 0 3 0 
283
d
0 4 0 1 0 
284
d
0 1 0 1 0 
285
d
0 1 0 2 0 
286
x
0 4 0 2 0 
287
x
0 4 0 4 0 
288
z
0 2 0 4 0 
289
z
0 2 0 1 0 
290
z
0 0 0 1 0 
291
a
0 1 0 2 0 
292
a
0 1 0 2 0 
293
a
0 2 0 2 0 
294
a
0 2 0 2 0 
295
a
0 3 0 3 0 
296
a
0 3 0 3 0 
297
a
0 4 0 2 0 
298
a
0 4 0 2 0 
299
d
0 1 0 2 0 
300
d
0 1 0 2 0 
301
d
0 0 0 3 0 
302
d
0 0 0 3 0 
303
d
0 2 0 2 0 
304
d
0 2 0 2 0 
305
d
0 0 0 4 0 
306
d
0 0 0 4 0 
307
d
0 1 0 2 0 
308
d
0 1 0 0 0 
309
a
0 3 0 1 0 
310
a
0 3 0 2 0 
311
a
0 4 0 0 0 
312
a
0 4 0 0 0 
313
d
0 3 0 1 0 
314
d
0 3 0 4 0 
315
d
0 0 0 4 0 
316
d
0 3 0 2 0 
317
d
0 3 0 0 0 
318
d
0 3 0 3 0 
319
d
0 3 0 4 0 
320
d
0 0 0 4 0 
321
d
0 3 0 4 0 
322
d
0 3 0 4 0 
323
d
0 0 0 2 0 
324
d
0 3 0 2 0 
325
d
0 3 0 3 0 
326
d
0 4 0 3 0 
327
x
0 4 0 2 0 
328
x
0 3 0 2 0 
329
x
0 3 0 4 0 
330
x
0 4 0 4 0 
331
a
0 4 0 1 0 
332
a
0 3 0 1 0 
333
a
0 3 0 4 0 
334
a
0 3 0 0 0 
335
a
0 0 0 1 0 
336
a
0 1 0 2 0 
337
a
0 2 0 2 0 
338
a
0 0 0 2 0 
339
a
0 4 0 2 0 
340
a
0 1 0 1 0 
341
a
0 1 0 1 0 
342
a
0 3 0 4 0 
343
a
0 0 0 4 0 
344
a
0 0 0 0 0 
345
a
0 0 0 0 0 
346
a
0 0 0 3 0 
347
a
0 0 0 3 0 
348
a
0 4 0 3 0 
349
a
0 2 0 3 0 
350
a
0 2 0 4 0 
351
a
0 4 0 4 0 
352
a
0 4 0 2 0 
353
a
0 0 0 2 0 
354
d
0 3 0 3 0 
355
d
0 3 0 3 0 
356
d
0 4 0 4 0 
357
d
0 4 0 4 0 
358
d
0 4 0 1 0 
359
d
0 4 0 1 0 
360
w
0 4 0 3 0 
361
w
0 4 0 3 0 
362
w
0 0 0 1 0 
363
w
0 4 0 0 0 
364
w
0 4 0 2 0 
365
w
0 0 0 2 0 
366
w
0 4 0 2 0 
367
w
0 4 0 1 0 
368
w
0 0 0 1 0 
369
w
0 0 0 4 0 
370
w
0 3 0 4 0 
371
w
0 3 0 4 0 
372
b
0 2 0 4 0 
373
b
0 2 0 0 0 
374
b
0 0 0 0 0 
375
b
0 3 0 0 0 
376
a
0 3 0 0 0 
377
a
0 3 0 0 0 
378
a
0 3 0 0 0 
379
a
0 0 0 0 0 
380
a
0 0 0 0 0 
381
a
0 2 0 0 0 
382
x
0 2 0 0 0 
383
x
0 1 0 3 0 
384
x
0 1 0 3 0 
385
x
0 3 0 3 0 
386
x
0 3 0 3 0 
387
x
0 0 0 3 0 
388
w
0 4 0 3 0 
389
w
0 4 0 1 0 
390
a
0 2 0 0 0 
391
a
0 2 0 4 0 
392
a
0 2 0 2 0 
393
a
0 2 0 2 0 
394
x
0 3 0 4 0 
395
x
0 3 0 4 0 
396
x
0 1 0 3 0 
397
x
0 1 0 3 0 
398
d
0 4 0 4 0 
399
d
0 4 0 4 0 
400
d
0 3 0 1 0 
401
a
0 3 0 1 0 
402
a
0 3 0 1 0 
403
a
0 3 0 1 0 
404
a
0 4 0 4 0 
405
x
0 4 0 4 0 
406
x
0 3 0 2 0 
407
d
0 3 0 0 0 
408
d
0 4 0 0 0 
409
x
0 4 0 0 0 
410
x
0 2 0 0 0 
411
x
0 2 0 0 0 
412
x
0 3 0 3 0 
413
x
0 3 0 4 0 
414
x
0 1 0 0 0 
415
x
0 1 0 0 0 
416
x
0 0 0 0 0 
417
x
0 3 0 0 0 
418
x
0 3 0 3 0 
419
x
0 2 0 3 0 
420
x
0 0 0 0 0 
421
x
0 4 0 1 0 
422
x
0 0 0 1 0 
423
x
0 3 0 1 0 
424
a
0 3 0 3 0 
425
x
0 1 0 3 0 
426
x
0 1 0 4 0 
427
x
0 0 0 4 0 
428
x
0 2 0 3 0 
429
x
0 2 0 3 0 
430
x
0 2 0 1 0 
431
x
0 2 0 1 0 
432
x
0 0 0 4 0 
433
d
0 1 0 4 0 
434
d
0 1 0 2 0 
435
d
0 1 0 2 0 
436
d
0 1 0 4 0 
437
d
0 0 0 4 0 
438
x
0 1 0 2 0 
439
d
0 1 0 2 0 
440
d
0 0 0 2 0 
441
d
0 1 0 0 0 
442
d
0 1 0 3 0 
443
d
0 2 0 3 0 
444
d
0 2 0 0 0 
445
d
0 0 0 2 0 
446
d
0 3 0 4 0 
447
x
0 3 0 0 0 
448
x
0 4 0 2 0 
449
x
0 4 0 4 0 
450
x
0 3 0 4 0 
451
d
0 3 0 0 0 
452
x
0 4 0 0 0 
453
x
0 4 0 3 0 
454
x
0 3 0 3 0 
455
x
0 3 0 3 0 
456
x
0 1 0 3 0 
457
x
0 1 0 1 0 
458
x
0 4 0 0 0 
459
x
0 4 0 0 0 
460
x
0 3 0 4 0 
461
x
0 3 0 2 0 
462
d
0 3 0 2 0 
463
d
0 3 0 4 0 
464
d
0 4 0 4 0 
465
d
0 4 0 0 0 
466
d
0 4 0 3 0 
467
d
0 4 0 3 0 
468
x
0 0 0 1 0 
469
x
0 3 0 1 0 
470
x
0 3 0 3 0 
471
a
0 3 0 3 0 
472
a
0 3 0 0 0 
473
a
0 4 0 0 0 
474
a
0 4 0 3 0 
475
a
0 1 0 3 0 
476
a
0 1 0 2 0 
477
a
0 3 0 2 0 
478
a
0 0 0 2 0 
479
a
0 4 0 0 0 
480
a
0 3 0 0 0 
481
a
0 0 0 1 0 
482
a
0 0 0 1 0 
483
a
0 2 0 1 0 
484
s
0 3 0 0 0 
485
s
0 3 0 0 0 
486
a
0 3 0 4 0 
487
a
0 3 0 4 0 
488
a
0 4 0 2 0 
489
a
0 4 0 2 0 
490
a
0 2 0 4 0 
491
a
0 2 0 4 0 
492
a
0 4 0 1 0 
493
a
0 4 0 1 0 
494
a
0 3 0 4 0 
495
a
0 3 0 0 0 
496
a
0 2 0 1 0 
497
a
0 2 0 2 0 
498
a
0 4 0 2 0 
499
a
0 4 0 4 0 
500
a
0 3 0 4 0 
501
a
0 3 0 3 0 
502
a
0 1 0 3 0 
503
a
0 1 0 4 0 
504
w
0 4 0 4 0 
505
w
0 4 0 0 0 
506
w
0 2 0 0 0 
507
w
0 2 0 0 0 
508
w
0 4 0 3 0 
509
w
0 4 0 3 0 
510
w
0 2 0 3 0 
511
a
0 2 0 3 0 
512
a
0 1 0 3 0 
513
a
0 1 0 3 0 
514
a
0 1 0 2 0 
515
a
0 1 0 2 0 
516
a
0 4 0 0 0 
517
a
0 0 0 1 0 
518
a
0 2 0 1 0 
519
a
0 1 0 2 0 
520
a
0 1 0 2 0 
521
a
0 3 0 3 0 
522
a
0 3 0 0 0 
523
a
0 2 0 4 0 
524
a
0 2 0 3 0 
525
a
0 4 0 0 0 
526
a
0 4 0 0 0 
527
a
0 2 0 0 0 
528
a
0 2 0 0 0 
529
a
0 0 0 1 0 
530
a
0 0 0 2 0 
531
a
0 0 0 0 0 
532
a
0 0 0 4 0 
533
a
0 3 0 0 0 
534
a
0 3 0 4 0 
535
a
0 1 0 4 0 
536
a
0 1 0 0 0 
537
a
0 3 0 1 0 
538
a
0 3 0 1 0 
539
a
0 3 0 1 0 
540
a
0 3 0 0 0 
541
a
0 3 0 2 0 
542
w
0 0 0 2 0 
543
w
0 2 0 2 0 
544
w
0 2 0 0 0 
545
w
0 0 0 4 0 
546
w
0 1 0 4 0 
547
a
0 0 0 4 0 
548
a
0 1 0 4 0 
549
a
0 1 0 4 0 
550
a
0 3 0 4 0 
551
a
0 3 0 3 0 
552
a
0 2 0 3 0 
553
a
0 2 0 3 0 
554
a
0 0 0 3 0 
555
a
0 3 0 3 0 
556
a
0 3 0 3 0 
557
a
0 2 0 3 0 
558
a
0 2 0 3 0 
559
a
0 4 0 0 0 
560
a
0 0 0 1 0 
561
a
0 1 0 1 0 
562
a
0 1 0 4 0 
563
a
0 1 0 4 0 
564
x
0 3 0 1 0 
565
x
0 3 0 0 0 
566
x
0 4 0 0 0 
567
x
0 4 0 4 0 
568
x
0 1 0 1 0 
569
x
0 1 0 1 0 
570
x
0 4 0 1 0 
571
x
0 4 0 1 0 
572
x
0 1 0 4 0 
573
x
0 1 0 4 0 
574
x
0 3 0 4 0 
575
x
0 3 0 4 0 
576
x
0 1 0 4 0 
577
x
0 1 0 4 0 
578
x
0 1 0 4 0 
579
x
0 1 0 4 0 
580
x
0 0 0 1 0 
581
x
0 2 0 1 0 
582
x
0 2 0 2 0 
583
x
0 2 0 2 0 
584
x
0 2 0 1 0 
585
x
0 2 0 1 0 
586
x
0 2 0 3 0 
587
b
0 1 0 3 0 
588
b
0 1 0 4 0 
589
a
0 1 0 4 0 
590
a
0 1 0 1 0 
591
a
0 4 0 1 0 
592
a
0 4 0 1 0 
593
a
0 4 0 1 0 
594
a
0 4 0 2 0 
595
a
0 3 0 2 0 
596
a
0 3 0 1 0 
597
a
0 1 0 1 0 
598
a
0 1 0 4 0 
599
a
0 2 0 4 0 
600
a
0 2 0 1 0 
601
a
0 3 0 0 0 
602
a
0 3 0 3 0 
603
w
0 1 0 3 0 
604
w
0 1 0 0 0 
605
w
0 0 0 0 0 
606
w
0 3 0 2 0 
607
a
0 3 0 2 0 
608
a
0 2 0 2 0 
609
w
0 2 0 2 0 
610
a
0 2 0 2 0 
611
a
0 2 0 3 0 
612
a
0 2 0 3 0 
613
a
0 2 0 1 0 
614
a
0 4 0 1 0 
615
a
0 4 0 1 0 
616
a
0 3 0 1 0 
617
a
0 3 0 3 0 
618
a
0 3 0 3 0 
619
a
0 3 0 3 0 
620
a
0 3 0 3 0 
621
d
0 3 0 2 0 
622
d
0 4 0 2 0 
623
d
0 4 0 4 0 
624
d
0 2 0 4 0 
625
d
0 2 0 2 0 
626
d
0 1 0 2 0 
627
d
0 1 0 2 0 
628
d
0 1 0 2 0 
629
a
0 1 0 3 0 
630
a
0 4 0 3 0 
631
a
0 4 0 3 0 
632
a
0 1 0 3 0 
633
a
0 1 0 1 0 
634
a
0 4 0 1 0 
635
a
0 4 0 2 0 
636
a
0 3 0 2 0 
637
a
0 3 0 4 0 
638
a
0 4 0 4 0 
639
a
0 4 0 4 0 
640
a
0 1 0 4 0 
641
a
0 1 0 3 0 
642
a
0 2 0 3 0 
643
a
0 2 0 1 0 
644
a
0 4 0 1 0 
645
a
0 4 0 2 0 
646
a
0 4 0 2 0 
647
a
0 4 0 4 0 
648
a
0 2 0 4 0 
649
a
0 
1

0 1 0 1 0 
2

0 0 0 2 0 
3

0 1 0 2 0 
4

0 0 0 1 0 
5

0 3 0 1 0 
6

0 3 0 1 0 
7

0 0 0 1 0 
8

0 2 0 4 0 
9

0 0 0 4 0 
10

0 4 0 4 0 
11

0 4 0 4 0 
12

0 0 0 3 0 
13

0 0 0 3 0 
14

0 0 0 2 0 
15

0 1 0 2 0 
16

0 0 0 2 0 
17

0 4 0 2 0 
18

0 0 0 2 0 
19

0 4 0 2 0 
20

0 4 0 2 0 
21

0 4 0 0 0 
22

0 4 0 3 0 
23

0 3 0 3 0 
24

0 3 0 3 0 
25

0 3 0 4 0 
26

0 3 0 4 0 
27

0 0 0 1 0 
28

0 0 0 1 0 
29

0 3 0 1 0 
30

0 3 0 1 0 
31

0 3 0 1 0 
32

0 0 0 1 0 
33

0 0 0 3 0 
34

0 0 0 3 0 
35

0 2 0 1 0 
36

0 4 0 1 0 
37

0 4 0 3 0 
38

0 2 0 3 0 
39

0 0 0 1 0 
40

0 0 0 1 0 
41

0 0 0 1 0 
42

0 3 0 1 0 
43

0 4 0 3 0 
44

0 4 0 0 0 
45

0 0 0 2 0 
46

0 3 0 0 0 
47

0 3 0 4 0 
48

0 4 0 4 0 
49

0 4 0 2 0 
50

0 3 0 2 0 
51

0 3 0 4 0 
52

0 1 0 4 0 
53

0 1 0 4 0 
54
a
0 0 0 4 0 
55
a
0 4 0 1 0 
56
a
0 4 0 1 0 
57
a
0 3 0 0 0 
58
a
0 3 0 0 0 
59
a
0 4 0 2 0 
60
a
0 4 0 2 0 
61
a
0 0 0 4 0 
62
a
0 0 0 4 0 
63
a
0 0 0 1 0 
64
a
0 4 0 1 0 
65
a
0 4 0 2 0 
66
a
0 4 0 2 0 
67
a
0 4 0 4 0 
68
a
0 4 0 4 0 
69
a
0 4 0 3 0 
70
a
0 4 0 3 0 
71
a
0 4 0 1 0 
72
a
0 0 0 1 0 
73
a
0 0 0 4 0 
74
a
0 0 0 4 0 
75
a
0 1 0 4 0 
76
a
0 1 0 4 0 
77
a
0 3 0 3 0 
78
a
0 3 0 3 0 
79
a
0 0 0 4 0 
80
a
0 3 0 4 0 
81
a
0 3 0 1 0 
82
a
0 1 0 1 0 
83
a
0 1 0 3 0 
84
a
0 1 0 3 0 
85
a
0 0 0 0 0 
86
a
0 4 0 2 0 
87
w
0 4 0 2 0 
88
w
0 4 0 4 0 
89
w
0 0 0 4 0 
90
d
0 3 0 1 0 
91
d
0 3 0 1 0 
92
d
0 3 0 2 0 
93
w
0 3 0 2 0 
94
d
0 0 0 3 0 
95
d
0 3 0 3 0 
96
d
0 0 0 3 0 
97
a
0 0 0 3 0 
98
a
0 2 0 2 0 
99
a
0 0 0 2 0 
100
z
0 0 0 1 0 
101
z
0 0 0 1 0 
102
z
0 4 0 4 0 
103
z
0 4 0 4 0 
104
x
0 3 0 1 0 
105
x
0 3 0 1 0 
106
x
0 1 0 3 0 
107
x
0 0 0 0 0 
108
x
0 0 0 0 0 
109
x
0 0 0 0 0 
110
x
0 0 0 0 0 
111
x
0 4 0 2 0 
112
x
0 3 0 4 0 
113
x
0 0 0 4 0 
114
x
0 2 0 1 0 
115
x
0 1 0 0 0 
116
x
0 0 0 3 0 
117
x
0 0 0 3 0 
118
x
0 0 0 0 0 
119
x
0 0 0 0 0 
120
x
0 2 0 0 0 
121
x
0 0 0 0 0 
122
x
0 1 0 2 0 
123
x
0 0 0 2 0 
124
x
0 2 0 2 0 
125
x
0 2 0 1 0 
126
x
0 2 0 1 0 
127
x
0 0 0 2 0 
128
x
0 0 0 2 0 
129
x
0 4 0 2 0 
130
x
0 4 0 2 0 
131
x
0 1 0 2 0 
132
x
0 1 0 2 0 
133
x
0 2 0 1 0 
134
x
0 2 0 1 0 
135
x
0 0 0 4 0 
136
x
0 1 0 4 0 
137
x
0 1 0 2 0 
138
x
0 3 0 2 0 
139
x
0 3 0 2 0 
140
x
0 0 0 2 0 
141
x
0 1 0 2 0 
142
x
0 0 0 2 0 
143
x
0 0 0 4 0 
144
x
0 0 0 4 0 
145
x
0 0 0 4 0 
146
x
0 4 0 4 0 
147
x
0 0 0 1 0 
148
x
0 4 0 1 0 
149
x
0 4 0 1 0 
150
x
0 4 0 1 0 
151
x
0 4 0 2 0 
152
x
0 4 0 2 0 
153
x
0 4 0 2 0 
154
x
0 1 0 2 0 
155
x
0 1 0 3 0 
156
x
0 3 0 3 0 
157
x
0 0 0 1 0 
158
x
0 0 0 1 0 
159
x
0 2 0 2 0 
160
x
0 2 0 2 0 
161
x
0 2 0 1 0 
162
x
0 1 0 1 0 
163
x
0 1 0 4 0 
164
x
0 1 0 4 0 
165
x
0 1 0 2 0 
166
x
0 4 0 2 0 
167
x
0 4 0 2 0 
168
x
0 4 0 2 0 
169
x
0 4 0 0 0 
170
x
0 1 0 2 0 
171
x
0 0 0 0 0 
172
x
0 2 0 0 0 
173
x
0 1 0 1 0 
174
x
0 0 0 0 0 
175
x
0 4 0 4 0 
176
x
0 3 0 4 0 
177
x
0 0 0 1 0 
178
x
0 0 0 1 0 
179
x
0 2 0 2 0 
180
x
0 4 0 2 0 
181
x
0 0 0 1 0 
182
x
0 1 0 1 0 
183
x
0 0 0 4 0 
184
x
0 2 0 4 0 
185
x
0 2 0 4 0 
186
x
0 0 0 4 0 
187
x
0 0 0 2 0 
188
x
0 0 0 2 0 
189
x
0 0 0 2 0 
190
x
0 1 0 2 0 
191
x
0 1 0 1 0 
192
x
0 0 0 1 0 
193
x
0 0 0 1 0 
194
x
0 3 0 1 0 
195
x
0 0 0 3 0 
196
x
0 0 0 3 0 
197
x
0 0 0 2 0 
198
x
0 2 0 2 0 
199
x
0 3 0 4 0 
200
x
0 3 0 4 0 
201
x
0 1 0 2 0 
202
x
0 0 0 2 0 
203
x
0 0 0 3 0 
204
x
0 0 0 3 0 
205
x
0 3 0 2 0 
206
x
0 0 0 2 0 
207
x
0 2 0 1 0 
208
x
0 2 0 1 0 
209
x
0 2 0 4 0 
210
x
0 2 0 4 0 
211
x
0 4 0 1 0 
212
x
0 4 0 1 0 
213
x
0 1 0 1 0 
214
x
0 1 0 1 0 
215
x
0 1 0 3 0 
216
x
0 0 0 3 0 
217
x
0 4 0 2 0 
218
x
0 3 0 2 0 
219
x
0 3 0 2 0 
220
x
0 3 0 2 0 
221
x
0 3 0 4 0 
222
x
0 1 0 4 0 
223
x
0 0 0 3 0 
224
x
0 2 0 3 0 
225
x
0 0 0 2 0 
226
x
0 1 0 2 0 
227
x
0 0 0 2 0 
228
x
0 2 0 0 0 
229
x
0 1 0 3 0 
230
x
0 0 0 1 0 
231
x
0 4 0 1 0 
232
x
0 0 0 4 0 
233
x
0 4 0 4 0 
234
x
0 0 0 1 0 
235
x
0 0 0 1 0 
236
x
0 3 0 3 0 
237
x
0 2 0 3 0 
238
x
0 2 0 1 0 
239
x
0 2 0 1 0 
240
x
0 2 0 3 0 
241
x
0 1 0 3 0 
242
x
0 1 0 2 0 
243
x
0 1 0 2 0 
244
x
0 1 0 4 0 
245
x
0 2 0 4 0 
246
x
0 2 0 3 0 
247
x
0 2 0 3 0 
248
x
0 2 0 3 0 
249
x
0 4 0 0 0 
250
x
0 4 0 1 0 
251
x
0 2 0 4 0 
252
x
0 2 0 4 0 
253
x
0 1 0 1 0 
254
x
0 1 0 1 0 
255
x
0 2 0 4 0 
256
x
0 2 0 4 0 
257
x
0 3 0 4 0 
258
x
0 0 0 4 0 
259
x
0 0 0 3 0 
260
x
0 0 0 3 0 
261
x
0 1 0 2 0 
262
x
0 4 0 2 0 
263
x
0 4 0 3 0 
264
x
0 1 0 3 0 
265
x
0 1 0 3 0 
266
x
0 1 0 3 0 
267
x
0 1 0 4 0 
268
x
0 3 0 4 0 
269
x
0 3 0 1 0 
270
x
0 2 0 1 0 
271
x
0 2 0 2 0 
272
x
0 2 0 2 0 
273
x
0 2 0 2 0 
274
x
0 2 0 2 0 
275
x
0 2 0 4 0 
276
x
0 0 0 4 0 
277
x
0 2 0 4 0 
278
x
0 2 0 4 0 
279
x
0 2 0 4 0 
280
x
0 2 0 4 0 
281
x
0 1 0 2 0 
282
x
0 1 0 0 0 
283
x
0 0 0 0 0 
284
x
0 0 0 4 0 
285
x
0 0 0 1 0 
286
x
0 1 0 0 0 
287
x
0 1 0 4 0 
288
x
0 1 0 0 0 
289
x
0 1 0 3 0 
290
x
0 1 0 3 0 
291
x
0 1 0 0 0 
292
x
0 4 0 2 0 
293
x
0 4 0 0 0 
294
x
0 3 0 1 0 
295
x
0 3 0 3 0 
296
x
0 3 0 3 0 
297
x
0 3 0 1 0 
298
x
0 1 0 1 0 
299
x
0 1 0 4 0 
300
x
0 2 0 0 0 
301
x
0 2 0 2 0 
302
x
0 2 0 0 0 
303
x
0 2 0 0 0 
304
x
0 4 0 2 0 
305
x
0 4 0 2 0 
306
x
0 4 0 3 0 
307
x
0 4 0 3 0 
308
x
0 3 0 3 0 
309
x
0 3 0 3 0 
310
x
0 4 0 1 0 
311
x
0 4 0 1 0 
312
x
0 3 0 2 0 
313
x
0 3 0 2 0 
314
x
0 3 0 1 0 
315
x
0 3 0 1 0 
316
x
0 1 0 2 0 
317
x
0 1 0 2 0 
318
x
0 2 0 4 0 
319
x
0 2 0 4 0 
320
x
0 3 0 2 0 
321
x
0 3 0 2 0 
322
x
0 3 0 4 0 
323
x
0 3 0 4 0 
324
x
0 3 0 0 0 
325
x
0 3 0 1 0 
326
x
0 1 0 1 0 
327
x
0 0 0 2 0 
328
x
0 2 0 2 0 
329
x
0 2 0 0 0 
330
x
0 2 0 0 0 
331
x
0 1 0 3 0 
332
x
0 1 0 3 0 
333
x
0 4 0 3 0 
334
x
0 4 0 3 0 
335
x
0 2 0 4 0 
336
x
0 2 0 4 0 
337
x
0 0 0 3 0 
338
x
0 4 0 3 0 
339
x
0 4 0 0 0 
340
x
0 0 0 0 0 
341
x
0 3 0 0 0 
342
x
0 3 0 3 0 
343
x
0 0 0 3 0 
344
x
0 1 0 3 0 
345
x
0 1 0 3 0 
346
x
0 3 0 0 0 
347
x
0 3 0 0 0 
348
x
0 4 0 0 0 
349
x
0 4 0 4 0 
350
x
0 2 0 4 0 
351
x
0 2 0 3 0 
352
x
0 4 0 3 0 
353
x
0 4 0 0 0 
354
x
0 4 0 0 0 
355
x
0 4 0 0 0 
356
x
0 3 0 3 0 
357
x
0 3 0 3 0 
358
x
0 1 0 0 0 
359
x
0 1 0 4 0 
360
x
0 3 0 4 0 
361
x
0 3 0 3 0 
362
x
0 4 0 3 0 
363
x
0 4 0 3 0 
364
x
0 4 0 3 0 
365
x
0 4 0 1 0 
366
x
0 4 0 1 0 
367
x
0 4 0 4 0 
368
x
0 4 0 4 0 
369
x
0 4 0 2 0 
370
x
0 2 0 2 0 
371
x
0 2 0 0 0 
372
x
0 1 0 3 0 
373
x
0 1 0 3 0 
374
x
0 3 0 0 0 
375
x
0 3 0 4 0 
376
x
0 1 0 4 0 
377
x
0 1 0 1 0 
378
x
0 2 0 1 0 
379
x
0 2 0 2 0 
380
x
0 3 0 2 0 
381
x
0 3 0 0 0 
382
x
0 3 0 4 0 
383
x
0 3 0 4 0 
384
x
0 3 0 0 0 
385
x
0 3 0 3 0 
386
x
0 1 0 3 0 
387
x
0 0 0 3 0 
388
x
0 4 0 3 0 
389
x
0 0 0 0 0 
390
x
0 2 0 3 0 
391
x
0 2 0 3 0 
392
x
0 4 0 1 0 
393
x
0 4 0 1 0 
394
x
0 3 0 2 0 
395
x
0 3 0 2 0 
396
x
0 3 0 1 0 
397
x
0 3 0 1 0 
398
x
0 2 0 2 0 
399
x
0 0 0 2 0 
400
x
0 0 0 1 0 
401
x
0 4 0 1 0 
402
x
0 4 0 2 0 
403
x
0 4 0 2 0 
404
x
0 0 0 3 0 
405
x
0 0 0 0 0 
406
x
0 1 0 4 0 
407
x
0 1 0 1 0 
408
x
0 2 0 1 0 
409
x
0 2 0 1 0 
410
x
0 0 0 0 0 
411
x
0 4 0 0 0 
412
x
0 4 0 2 0 
413
x
0 2 0 2 0 
414
x
0 2 0 2 0 
415
x
0 3 0 3 0 
416
x
0 3 0 0 0 
417
x
0 0 0 4 0 
418
x
0 0 0 1 0 
419
x
0 4 0 1 0 
420
x
0 4 0 4 0 
421
x
0 3 0 4 0 
422
x
0 3 0 4 0 
423
x
0 3 0 4 0 
424
x
0 3 0 4 0 
425
x
0 0 0 4 0 
426
x
0 0 0 3 0 
427
x
0 0 0 3 0 
428
x
0 0 0 3 0 
429
x
0 0 0 3 0 
430
x
0 3 0 3 0 
431
x
0 3 0 3 0 
432
x
0 0 0 2 0 
433
x
0 0 0 2 0 
434
x
0 3 0 1 0 
435
x
0 3 0 1 0 
436
x
0 0 0 2 0 
437
x
0 0 0 2 0 
438
x
0 4 0 4 0 
439
x
0 4 0 4 0 
440
x
0 0 0 4 0 
441
x
0 0 0 4 0 
442
x
0 4 0 0 0 
443
x
0 4 0 4 0 
444
x
0 3 0 4 0 
445
x
0 3 0 0 0 
446
x
0 0 0 3 0 
447
x
0 4 0 3 0 
448
x
0 4 0 0 0 
449
x
0 0 0 4 0 
450
x
0 0 0 4 0 
451
x
0 4 0 4 0 
452
x
0 4 0 4 0 
453
x
0 4 0 3 0 
454
x
0 4 0 3 0 
455
x
0 3 0 0 0 
456
x
0 3 0 4 0 
457
x
0 4 0 4 0 
458
x
0 4 0 3 0 
459
x
0 3 0 3 0 
460
x
0 3 0 3 0 
461
x
0 0 0 3 0 
462
x
0 0 0 4 0 
463
x
0 0 0 4 0 
464
x
0 3 0 4 0 
465
x
0 3 0 4 0 
466
x
0 3 0 1 0 
467
x
0 3 0 1 0 
468
x
0 0 0 4 0 
469
x
0 3 0 4 0 
470
x
0 3 0 3 0 
471
x
0 3 0 3 0 
472
x
0 3 0 2 0 
473
x
0 2 0 2 0 
474
x
0 2 0 0 0 
475
x
0 3 0 4 0 
476
x
0 0 0 4 0 
477
x
0 0 0 1 0 
478
x
0 0 0 1 0 
479
x
0 4 0 3 0 
480
x
0 1 0 3 0 
481
x
0 1 0 2 0 
482
x
0 2 0 2 0 
483
x
0 2 0 4 0 
484
x
0 0 0 4 0 
485
x
0 4 0 1 0 
486
x
0 4 0 1 0 
487
x
0 0 0 1 0 
488
x
0 0 0 1 0 
489
x
0 4 0 4 0 
490
x
0 4 0 4 0 
491
x
0 0 0 2 0 
492
x
0 0 0 2 0 
493
x
0 0 0 2 0 
494
x
0 4 0 2 0 
495
x
0 4 0 1 0 
496
x
0 3 0 1 0 
497
x
0 3 0 3 0 
498
x
0 0 0 3 0 
499
x
0 0 0 1 0 
500
x
0 0 0 1 0 
501
x
0 0 0 1 0 
502
x
0 0 0 1 0 
503
x
0 3 0 4 0 
504
x
0 3 0 4 0 
505
x
0 0 0 2 0 
506
x
0 0 0 2 0 
507
x
0 0 0 4 0 
508
x
0 0 0 4 0 
509
x
0 4 0 3 0 
510
x
0 4 0 3 0 
511
x
0 0 0 4 0 
512
x
0 4 0 4 0 
513
x
0 4 0 2 0 
514
x
0 0 0 2 0 
515
x
0 4 0 2 0 
516
x
0 4 0 2 0 
517
x
0 0 0 0 0 
518
x
0 4 0 1 0 
519
x
0 4 0 1 0 
520
x
0 0 0 4 0 
521
x
0 0 0 4 0 
522
x
0 0 0 0 0 
523
x
0 2 0 0 0 
524
x
0 2 0 3 0 
525
x
0 0 0 3 0 
526
x
0 3 0 1 0 
527
x
0 3 0 1 0 
528
x
0 4 0 0 0 
529
x
0 4 0 3 0 
530
x
0 0 0 3 0 
531
x
0 0 0 3 0 
532
x
0 3 0 3 0 
533
x
0 3 0 4 0 
534
x
0 3 0 4 0 
535
x
0 3 0 3 0 
536
x
0 0 0 3 0 
537
x
0 4 0 1 0 
538
x
0 4 0 1 0 
539
x
0 1 0 2 0 
540
x
0 1 0 2 0 
541
x
0 3 0 4 0 
542
x
0 3 0 4 0 
543
x
0 0 0 2 0 
544
x
0 4 0 2 0 
545
x
0 4 0 1 0 
546
x
0 3 0 1 0 
547
x
0 3 0 3 0 
548
x
0 4 0 3 0 
549
x
0 4 0 2 0 
550
x
0 2 0 2 0 
551
x
0 2 0 4 0 
552
x
0 1 0 4 0 
553
x
0 1 0 4 0 
554
x
0 3 0 4 0 
555
x
0 3 0 1 0 
556
x
0 3 0 1 0 
557
x
0 3 0 1 0 
558
x
0 3 0 1 0 
559
x
0 3 0 3 0 
560
x
0 0 0 3 0 
561
x
0 3 0 4 0 
562
x
0 3 0 4 0 
563
x
0 3 0 3 0 
564
x
0 0 0 3 0 
565
x
0 0 0 4 0 
566
x
0 0 0 4 0 
567
x
0 0 0 2 0 
568
x
0 1 0 2 0 
569
x
0 0 0 1 0 
570
x
0 4 0 1 0 
571
x
0 4 0 3 0 
572
x
0 2 0 3 0 
573
x
0 0 0 2 0 
574
x
0 1 0 2 0 
575
x
0 3 0 3 0 
576
x
0 3 0 3 0 
577
x
0 4 0 1 0 
578
x
0 4 0 1 0 
579
x
0 0 0 2 0 
580
x
0 2 0 2 0 
581
x
0 0 0 3 0 
582
x
0 3 0 3 0 
583
x
0 0 0 1 0 
584
x
0 0 0 1 0 
585
x
0 4 0 3 0 
586
x
0 4 0 0 0 
587
x
0 0 0 1 0 
588
x
0 0 0 4 0 
589
x
0 0 0 4 0 
590
x
0 3 0 1 0 
591
x
0 3 0 1 0 
592
x
0 0 0 1 0 
593
x
0 1 0 1 0 
594
x
0 1 0 1 0 
595
x
0 0 0 1 0 
596
x
0 4 0 2 0 
597
x
0 4 0 2 0 
598
x
0 4 0 1 0 
599
x
0 4 0 1 0 
600
x
0 0 0 2 0 
601
x
0 3 0 2 0 
602
x
0 3 0 0 0 
603
x
0 4 0 1 0 
604
x
0 4 0 1 0 
605
x
0 0 0 2 0 
606
x
0 3 0 2 0 
607
x
0 3 0 2 0 
608
x
0 0 0 2 0 
609
x
0 0 0 3 0 
610
x
0 0 0 3 0 
611
x
0 3 0 2 0 
612
x
0 3 0 2 0 
613
x
0 2 0 1 0 
614
x
0 2 0 1 0 
615
x
0 1 0 2 0 
616
x
0 1 0 2 0 
617
x
0 0 0 4 0 
618
x
0 0 0 4 0 
619
x
0 3 0 1 0 
620
x
0 0 0 1 0 
621
x
0 0 0 2 0 
622
x
0 0 0 2 0 
623
x
0 2 0 3 0 
624
x
0 1 0 3 0 
625
x
0 0 0 2 0 
626
x
0 0 0 2 0 
627
x
0 0 0 2 0 
628
x
0 0 0 0 0 
629
x
0 0 0 0 0 
630
x
0 0 0 1 0 
631
x
0 0 0 2 0 
632
x
0 4 0 0 0 
633
x
0 0 0 4 0 
634
x
0 2 0 4 0 
635
x
0 2 0 4 0 
636
x
0 0 0 1 0 
637
x
0 3 0 1 0 
638
x
0 0 0 3 0 
639
x
0 0 0 3 0 
640
x
0 1 0 3 0 
641
x
0 4 0 0 0 
642
x
0 4 0 2 0 
643
x
0 3 0 0 0 
644
x
0 3 0 4 0 
645
x
0 0 0 4 0 
646
x
0 1 0 2 0 
647
x
0 0 0 2 0 
648
x
0 4 0 1 0 
649
x
0 4 0 1 0 
650
x
0 4 0 4 0 
651
x
0 3 0 4 0 
652
x
0 3 0 1 0 
653
x
0 2 0 1 0 
654
x
0 2 0 4 0 
655
x
0 1 0 4 0 
656
x
0 1 0 3 0 
657
x
0 2 0 3 0 
658
x
0 2 0 4 0 
659
x
0 1 0 4 0 
660
x
0 1 0 4 0 
661
x
0 2 0 0 0 
662
x
0 2 0 0 0 
663
x
0 0 0 1 0 
664
x
0 4 0 1 0 
665
x
0 4 0 1 0 
666
x
0 0 0 2 0 
667
x
0 0 0 2 0 
668
x
0 3 0 2 0 
669
x
0 3 0 2 0 
670
x
0 3 0 3 0 
671
x
0 0 0 3 0 
672
x
0 0 0 4 0 
673
x
0 4 0 4 0 
674
x
0 3 0 2 0 
675
x
0 0 0 2 0 
676
x
0 1 0 1 0 
677
x
0 4 0 1 0 
678
x
0 4 0 2 0 
679
x
0 3 0 2 0 
680
x
0 3 0 3 0 
681
x
0 1 0 3 0 
682
x
0 0 0 4 0 
683
x
0 4 0 4 0 
684
x
0 4 0 2 0 
685
x
0 4 0 2 0 
686
x
0 0 0 3 0 
687
x
0 0 0 3 0 
688
x
0 0 0 2 0 
689
x
0 0 0 2 0 
690
x
0 0 0 1 0 
691
x
0 3 0 1 0 
692
x
0 3 0 4 0 
693
x
0 4 0 4 0 
694
x
0 4 0 2 0 
695
x
0 0 0 2 0 
696
x
0 0 0 0 0 
697
x
0 3 0 1 0 
698
x
0 3 0 1 0 
699
x
0 0 0 1 0 
700
x
0 2 0 1 0 
701
x
0 2 0 0 0 
702
x
0 4 0 2 0 
703
x
0 4 0 2 0 
704
x
0 4 0 3 0 
705
x
0 4 0 3 0 
706
x
0 0 0 2 0 
707
x
0 3 0 2 0 
708
x
0 3 0 1 0 
709
x
0 0 0 1 0 
710
x
0 0 0 2 0 
711
x
0 4 0 2 0 
712
x
0 4 0 4 0 
713
x
0 0 0 4 0 
714
x
0 0 0 3 0 
715
x
0 4 0 3 0 
716
x
0 4 0 3 0 
717
x
0 0 0 3 0 
718
x
0 0 0 0 0 
719
x
0 4 0 3 0 
720
x
0 4 0 3 0 
721
x
0 4 0 1 0 
722
x
0 4 0 1 0 
723
x
0 0 0 2 0 
724
x
0 0 0 2 0 
725
x
0 3 0 3 0 
726
x
0 3 0 3 0 
727
x
0 2 0 0 0 
728
x
0 2 0 4 0 
729
x
0 1 0 4 0 
730
x
0 1 0 0 0 
731
x
0 4 0 1 0 
732
x
0 4 0 1 0 
733
x
0 0 0 4 0 
734
x
0 2 0 4 0 
735
x
0 2 0 4 0 
736
x
0 1 0 4 0 
737
x
0 1 0 3 0 
738
x
0 3 0 3 0 
739
x
0 3 0 3 0 
740
x
0 0 0 3 0 
741
x
0 0 0 2 0 
742
x
0 0 0 2 0 
743
x
0 3 0 0 0 
744
x
0 3 0 1 0 
745
x
0 4 0 1 0 
746
x
0 4 0 4 0 
747
x
0 3 0 4 0 
748
x
0 3 0 1 0 
749
x
0 0 0 1 0 
750
x
0 3 0 4 0 
751
x
0 3 0 4 0 
752
x
0 0 0 1 0 
753
x
0 4 0 1 0 
754
x
0 4 0 3 0 
755
x
0 0 0 3 0 
756
x
0 3 0 1 0 
757
x
0 3 0 1 0 
758
x
0 3 0 2 0 
759
x
0 3 0 2 0 
760
x
0 0 0 2 0 
761
x
0 0 0 2 0 
762
x
0 0 0 4 0 
763
x
0 0 0 4 0 
764
x
0 4 0 1 0 
765
x
0 4 0 1 0 
766
x
0 0 0 3 0 
767
x
0 0 0 3 0 
768
x
0 4 0 4 0 
769
x
0 4 0 4 0 
770
x
0 0 0 4 0 
771
x
0 0 0 4 0 
772
x
0 3 0 3 0 
773
x
0 3 0 3 0 
774
x
0 4 0 2 0 
775
x
0 4 0 2 0 
776
x
0 0 0 3 0 
777
x
0 4 0 3 0 
778
x
0 4 0 4 0 
779
x
0 2 0 4 0 
780
x
0 2 0 3 0 
781
x
0 4 0 3 0 
782
x
0 4 0 2 0 
783
x
0 1 0 2 0 
784
x
0 1 0 1 0 
785
x
0 0 0 1 0 
786
x
0 2 0 4 0 
787
x
0 2 0 4 0 
788
x
0 0 0 1 0 
789
x
0 0 0 1 0 
790
x
0 1 0 4 0 
791
x
0 1 0 4 0 
792
x
0 0 0 3 0 
793
x
0 0 0 3 0 
794
x
0 0 0 4 0 
795
x
0 0 0 4 0 
796
x
0 0 0 2 0 
797
x
0 3 0 2 0 
798
x
0 3 0 3 0 
799
x
0 2 0 3 0 
800
x
0 2 0 1 0 
801
x
0 0 0 1 0 
802
x
0 0 0 2 0 
803
x
0 3 0 2 0 
804
x
0 3 0 1 0 
805
x
0 4 0 1 0 
806
x
0 4 0 1 0 
807
x
0 1 0 1 0 
808
x
0 1 0 4 0 
809
x
0 3 0 4 0 
810
x
0 3 0 2 0 
811
x
0 0 0 2 0 
812
x
0 0 0 0 0 
813
x
0 0 0 1 0 
814
x
0 0 0 1 0 
815
x
0 3 0 2 0 
816
x
0 3 0 2 0 
817
x
0 4 0 0 0 
818
x
0 4 0 1 0 
819
x
0 0 0 1 0 
820
x
0 3 0 1 0 
821
x
0 3 0 1 0 
822
x
0 0 0 1 0 
823
x
0 4 0 1 0 
824
x
0 4 0 1 0 
825
x
0 4 0 1 0 
826
x
0 4 0 3 0 
827
x
0 2 0 3 0 
828
x
0 2 0 0 0 
829
x
0 0 0 2 0 
830
x
0 1 0 2 0 
831
x
0 1 0 2 0 
832
x
0 0 0 2 0 
833
x
0 4 0 1 0 
834
x
0 4 0 1 0 
835
x
0 0 0 3 0 
836
x
0 2 0 0 0 
837
x
0 2 0 1 0 
838
x
0 0 0 0 0 
839
x
0 0 0 4 0 
840
x
0 0 0 4 0 
841
x
0 3 0 3 0 
842
x
0 3 0 3 0 
843
x
0 1 0 1 0 
844
x
0 1 0 0 0 
845
x
0 4 0 0 0 
846
x
0 4 0 0 0 
847
x
0 3 0 4 0 
848
x
0 3 0 2 0 
849
x
0 3 0 2 0 
850
x
0 3 0 1 0 
851
x
0 0 0 1 0 
852
x
0 4 0 3 0 
853
x
0 4 0 0 0 
854
x
0 2 0 4 0 
855
x
0 2 0 3 0 
856
x
0 1 0 0 0 
857
x
0 1 0 2 0 
858
x
0 3 0 2 0 
859
x
0 3 0 2 0 
860
x
0 0 0 2 0 
861
x
0 0 0 2 0 
862
x
0 0 0 2 0 
863
x
0 0 0 2 0 
864
x
0 0 0 2 0 
865
x
0 0 0 2 0 
866
x
0 0 0 3 0 
867
x
0 0 0 3 0 
868
x
0 0 0 4 0 
869
x
0 3 0 4 0 
870
x
0 3 0 2 0 
871
x
0 3 0 2 0 
872
x
0 3 0 1 0 
873
x
0 0 0 1 0 
874
x
0 4 0 1 0 
875
x
0 4 0 1 0 
876
x
0 3 0 4 0 
877
x
0 3 0 4 0 
878
x
0 3 0 4 0 
879
x
0 3 0 0 0 
880
x
0 3 0 2 0 
881
x
0 0 0 2 0 
882
x
0 1 0 2 0 
883
x
0 0 0 0 0 
884
x
0 1 0 3 0 
885
x
0 0 0 3 0 
886
x
0 4 0 3 0 
887
x
0 2 0 3 0 
888
x
0 2 0 3 0 
889
x
0 3 0 3 0 
890
x
0 0 0 4 0 
891
x
0 0 0 4 0 
892
x
0 1 0 3 0 
893
x
0 4 0 3 0 
894
x
0 4 0 4 0 
895
x
0 1 0 4 0 
896
x
0 0 0 1 0 
897
x
0 2 0 1 0 
898
x
0 2 0 3 0 
899
x
0 0 0 3 0 
900
x
0 1 0 4 0 
901
x
0 2 0 4 0 
902
x
0 0 0 3 0 
903
x
0 1 0 3 0 
904
x
0 2 0 1 0 
905
x
0 0 0 1 0 
906
x
0 1 0 2 0 
907
x
0 2 0 2 0 
908
x
0 0 0 4 0 
909
x
0 1 0 4 0 
910
x
0 3 0 2 0 
911
x
0 3 0 2 0 
912
x
0 2 0 3 0 
913
x
0 0 0 3 0 
914
x
0 0 0 4 0 
915
x
0 0 0 4 0 
916
x
0 0 0 2 0 
917
x
0 1 0 2 0 
918
x
0 4 0 2 0 
919
x
0 4 0 2 0 
920
x
0 0 0 0 0 
921
x
0 0 0 3 0 
922
x
0 0 0 3 0 
923
x
0 0 0 1 0 
924
x
0 3 0 1 0 
925
x
0 3 0 4 0 
926
x
0 1 0 4 0 
927
x
0 0 0 3 0 
928
x
0 0 0 3 0 
929
x
0 0 0 1 0 
930
x
0 2 0 1 0 
931
x
0 2 0 2 0 
932
x
0 0 0 2 0 
933
x
0 0 0 1 0 
934
x
0 0 0 1 0 
935
x
0 0 0 1 0 
936
x
0 0 0 1 0 
937
x
0 4 0 1 0 
938
x
0 0 0 1 0 
939
x
0 1 0 4 0 
940
x
0 1 0 4 0 
941
x
0 0 0 1 0 
942
x
0 3 0 0 0 
943
x
0 0 0 0 0 
944
x
0 2 0 4 0 
945
x
0 2 0 3 0 
946
x
0 0 0 3 0 
947
x
0 0 0 3 0 
948
x
0 0 0 3 0 
949
x
0 4 0 2 0 
950
x
0 4 0 2 0 
951
x
0 4 0 3 0 
952
x
0 0 0 3 0 
953
x
0 0 0 4 0 
954
x
0 3 0 4 0 
955
x
0 3 0 1 0 
956
x
0 1 0 1 0 
957
x
0 1 0 1 0 
958
x
0 2 0 1 0 
959
x
0 2 0 4 0 
960
x
0 3 0 4 0 
961
x
0 0 0 2 0 
962
x
0 0 0 2 0 
963
x
0 4 0 2 0 
964
x
0 0 0 2 0 
965
x
0 4 0 1 0 
966
x
0 4 0 1 0 
967
x
0 0 0 1 0 
968
x
0 0 0 1 0 
969
x
0 4 0 0 0 
970
x
0 4 0 1 0 
971
x
0 4 0 1 0 
972
x
0 4 0 2 0 
973
x
0 3 0 2 0 
974
x
0 3 0 3 0 
975
x
0 4 0 3 0 
976
d
0 4 0 3 0 
977
d
0 4 0 3 0 
978
d
0 4 0 4 0 
979
d
0 4 0 4 0 
980
d
0 4 0 2 0 
981
d
0 3 0 2 0 
982
a
0 3 0 2 0 
983
a
0 2 0 2 0 
984
a
0 2 0 1 0 
985
a
0 0 0 1 0 
986
a
0 1 0 3 0 
987
a
0 1 0 3 0 
988
w
0 4 0 2 0 
989
w
0 4 0 2 0 
990
w
0 2 0 1 0 
991
w
0 2 0 1 0 
992
w
0 0 0 2 0 
993
w
0 0 0 2 0 
994
w
0 3 0 2 0 
995
w
0 3 0 2 0 
996
w
0 0 0 3 0 
997
w
0 1 0 3 0 
998
w
0 1 0 4 0 
999
w
0 3 0 4 0 
1000
w
0 3 0 2 0 
1001
s
0 0 0 0 0 
1002
s
0 0 0 0 0 
1003
s
0 3 0 1 0 
1004
s
0 3 0 3 0 
1005
s
0 3 0 3 0 
1006
s
0 3 0 3 0 
1007
s
0 0 0 3 0 
1008
s
0 0 0 0 0 
1009
d
0 4 0 0 0 
1010
d
0 4 0 1 0 
1011
d
0 3 0 1 0 
1012
d
0 3 0 4 0 
1013
d
0 4 0 4 0 
1014
d
0 4 0 1 0 
1015
d
0 3 0 1 0 
1016
d
0 3 0 4 0 
1017
d
0 4 0 4 0 
1018
d
0 4 0 2 0 
1019
d
0 4 0 2 0 
1020
d
0 4 0 3 0 
1021
d
0 0 0 3 0 
1022
d
0 3 0 1 0 
1023
d
0 3 0 1 0 
1024
d
0 0 0 3 0 
1025
d
0 4 0 3 0 
1026
d
0 4 0 3 0 
1027
d
0 0 0 3 0 
1028
d
0 0 0 1 0 
1029
d
0 3 0 1 0 
1030
d
0 3 0 1 0 
1031
d
0 0 0 1 0 
1032
d
0 3 0 1 0 
1033
d
0 3 0 1 0 
1034
d
0 0 0 3 0 
1035
d
0 4 0 3 0 
1036
d
0 4 0 1 0 
1037
d
0 3 0 0 0 
1038
d
0 3 0 3 0 
1039
d
0 0 0 1 0 
1040
d
0 0 0 0 0 
1041
d
0 0 0 2 0 
1042
d
0 4 0 3 0 
1043
d
0 4 0 3 0 
1044
d
0 0 0 4 0 
1045
d
0 0 0 4 0 
1046
d
0 0 0 4 0 
1047
x
0 0 0 4 0 
1048
x
0 0 0 3 0 
1049
x
0 0 0 3 0 
1050
x
0 0 0 2 0 
1051
x
0 4 0 2 0 
1052
x
0 4 0 4 0 
1053
d
0 3 0 4 0 
1054
d
0 3 0 4 0 
1055
d
0 0 0 4 0 
1056
d
0 0 0 3 0 
1057
d
0 4 0 3 0 
1058
d
0 4 0 1 0 
1059
d
0 0 0 1 0 
1060
d
0 3 0 4 0 
1061
d
0 3 0 4 0 
1062
d
0 4 0 2 0 
1063
d
0 4 0 2 0 
1064
d
0 0 0 3 0 
1065
d
0 0 0 3 0 
1066
d
0 0 0 2 0 
1067
d
0 4 0 2 0 
1068
d
0 4 0 4 0 
1069
d
0 4 0 4 0 
1070
d
0 4 0 2 0 
1071
d
0 3 0 2 0 
1072
d
0 3 0 3 0 
1073
d
0 0 0 3 0 
1074
d
0 0 0 3 0 
1075
d
0 0 0 3 0 
1076
d
0 0 0 2 0 
1077
d
0 3 0 2 0 
1078
d
0 3 0 4 0 
1079
d
0 4 0 4 0 
1080
w
0 4 0 4 0 
1081
w
0 3 0 4 0 
1082
w
0 3 0 4 0 
1083
w
0 3 0 4 0 
1084
w
0 3 0 3 0 
1085
w
0 0 0 3 0 
1086
w
0 3 0 3 0 
1087
w
0 3 0 3 0 
1088
w
0 3 0 2 0 
1089
w
0 3 0 2 0 
1090
w
0 1 0 2 0 
1091
w
0 1 0 0 0 
1092
w
0 2 0 1 0 
1093
w
0 2 0 4 0 
1094
w
0 4 0 4 0 
1095
w
0 4 0 1 0 
1096
w
0 3 0 1 0 
1097
w
0 3 0 3 0 
1098
w
0 4 0 3 0 
1099
w
0 4 0 2 0 
1100
w
0 3 0 2 0 
1101
w
0 3 0 3 0 
1102
w
0 0 0 3 0 
1103
w
0 1 0 4 0 
1104
w
0 1 0 4 0 
1105
d
0 0 0 4 0 
1106
d
0 0 0 4 0 
1107
w
0 2 0 1 0 
1108
w
0 2 0 1 0 
1109
w
0 3 0 4 0 
1110
d
0 0 0 4 0 
1111
d
0 1 0 3 0 
1112
d

1

0 1 0 1 0 
2

0 1 0 1 0 
3

0 0 0 1 0 
4

0 2 0 4 0 
5

0 3 0 4 0 
6

0 3 0 1 0 
7

0 4 0 1 0 
8

0 4 0 4 0 
9

0 0 0 4 0 
10

0 1 0 1 0 
11

0 0 0 1 0 
12

0 0 0 3 0 
13

0 2 0 3 0 
14

0 0 0 4 0 
15

0 0 0 4 0 
16

0 0 0 2 0 
17

0 1 0 2 0 
18

0 0 0 3 0 
19
a
0 4 0 3 0 
20
a
0 0 0 1 0 
21
a
0 3 0 1 0 
22
a
0 3 0 0 0 
23
a
0 2 0 4 0 
24
a
0 2 0 4 0 
25
a
0 1 0 4 0 
26
a
0 1 0 4 0 
27
a
0 2 0 4 0 
28
a
0 2 0 4 0 
29
a
0 1 0 0 0 
30
a
0 1 0 4 0 
31
a
0 3 0 4 0 
32
a
0 0 0 0 0 
33
a
0 0 0 3 0 
34
a
0 0 0 3 0 
35
a
0 4 0 3 0 
36
a
0 3 0 3 0 
37
a
0 0 0 1 0 
38
a
0 0 0 1 0 
39
a
0 2 0 3 0 
40
a
0 0 0 0 0 
41
a
0 4 0 2 0 
42
a
0 4 0 2 0 
43
a
0 2 0 2 0 
44
a
0 0 0 3 0 
45
a
0 4 0 3 0 
46
a
0 0 0 3 0 
47
a
0 0 0 3 0 
48
a
0 0 0 1 0 
49
a
0 0 0 0 0 
50
a
0 3 0 0 0 
51
a
0 3 0 4 0 
52
w
0 0 0 3 0 
53
w
0 0 0 3 0 
54
w
0 3 0 1 0 
55
w
0 0 0 0 0 
56
w
0 0 0 2 0 
57
w
0 1 0 2 0 
58
w
0 1 0 2 0 
59
w
0 0 0 3 0 
60
d
0 0 0 3 0 
61
d
0 4 0 2 0 
62
d
0 3 0 2 0 
63
d
0 0 0 1 0 
64
d
0 2 0 1 0 
65
d
0 2 0 1 0 
66
d
0 0 0 1 0 
67
d
0 0 0 1 0 
68
d
0 0 0 1 0 
69
d
0 0 0 4 0 
70
x
0 4 0 0 0 
71
x
0 3 0 0 0 
72
x
0 0 0 0 0 
73
x
0 0 0 3 0 
74
x
0 4 0 4 0 
75
x
0 3 0 0 0 
76
x
0 0 0 3 0 
77
x
0 0 0 0 0 
78
x
0 4 0 3 0 
79
x
0 0 0 3 0 
80
x
0 0 0 0 0 
81
x
0 0 0 4 0 
82
x
0 3 0 4 0 
83
x
0 0 0 0 0 
84
x
0 0 0 3 0 
85
x
0 1 0 3 0 
86
x
0 4 0 4 0 
87
x
0 4 0 4 0 
88
x
0 1 0 3 0 
89
x
0 0 0 3 0 
90
x
0 0 0 4 0 
91
x
0 3 0 4 0 
92
x
0 2 0 3 0 
93
x
0 2 0 3 0 
94
x
0 1 0 0 0 
95
x
0 1 0 0 0 
96
x
0 3 0 0 0 
97
x
0 0 0 0 0 
98
x
0 4 0 4 0 
99
x
0 4 0 4 0 
100
x
0 4 0 4 0 
101
x
0 4 0 0 0 
102
x
0 4 0 3 0 
103
x
0 3 0 4 0 
104
x
0 3 0 0 0 
105
x
0 0 0 0 0 
106
x
0 0 0 0 0 
107
x
0 4 0 3 0 
108
x
0 4 0 0 0 
109
x
0 3 0 0 0 
110
x
0 3 0 4 0 
111
x
0 0 0 0 0 
112
x
0 0 0 0 0 
113
x
0 0 0 2 0 
114
x
0 4 0 4 0 
115
x
0 4 0 0 0 
116
x
0 0 0 0 0 
117
x
0 0 0 2 0 
118
x
0 4 0 1 0 
119
x
0 4 0 0 0 
120
x
0 3 0 0 0 
121
x
0 3 0 2 0 
122
x
0 0 0 3 0 
123
x
0 0 0 3 0 
124
x
0 0 0 4 0 
125
x
0 4 0 4 0 
126
x
0 4 0 2 0 
127
x
0 0 0 2 0 
128
x
0 0 0 4 0 
129
x
0 3 0 4 0 
130
x
0 3 0 3 0 
131
x
0 3 0 3 0 
132
x
0 3 0 1 0 
133
x
0 3 0 1 0 
134
x
0 3 0 2 0 
135
x
0 2 0 2 0 
136
x
0 2 0 4 0 
137
x
0 4 0 4 0 
138
x
0 4 0 2 0 
139
x
0 0 0 2 0 
140
x
0 0 0 1 0 
141
x
0 0 0 1 0 
142
x
0 4 0 4 0 
143
x
0 4 0 4 0 
144
x
0 4 0 1 0 
145
x
0 4 0 1 0 
146
x
0 3 0 1 0 
147
x
0 3 0 0 0 
148
x
0 4 0 0 0 
149
x
0 4 0 2 0 
150
x
0 3 0 2 0 
151
x
0 3 0 2 0 
152
x
0 0 0 2 0 
153
x
0 0 0 2 0 
154
x
0 0 0 1 0 
155
x
0 3 0 1 0 
156
x
0 3 0 1 0 
157
x
0 0 0 1 0 
158
x
0 3 0 1 0 
159
x
0 3 0 0 0 
160
x
0 0 0 2 0 
161
x
0 0 0 3 0 
162
x
0 4 0 3 0 
163
x
0 4 0 2 0 
164
x
0 3 0 2 0 
165
x
0 3 0 3 0 
166
x
0 3 0 3 0 
167
x
0 0 0 4 0 
168
x
0 4 0 4 0 
169
x
0 1 0 1 0 
170
x
0 1 0 1 0 
171
x
0 4 0 3 0 
172
x
0 4 0 3 0 
173
x
0 0 0 4 0 
174
x
0 0 0 4 0 
175
x
0 0 0 2 0 
176
x
0 4 0 2 0 
177
x
0 4 0 2 0 
178
x
0 0 0 2 0 
179
x
0 0 0 2 0 
180
x
0 3 0 2 0 
181
x
0 3 0 2 0 
182
x
0 4 0 2 0 
183
x
0 4 0 2 0 
184
x
0 0 0 2 0 
185
x
0 3 0 2 0 
186
x
0 3 0 0 0 
187
x
0 4 0 3 0 
188
x
0 4 0 4 0 
189
x
0 0 0 4 0 
190
x
0 0 0 0 0 
191
x
0 4 0 4 0 
192
x
0 4 0 4 0 
193
x
0 0 0 1 0 
194
x
0 0 0 1 0 
195
x
0 3 0 3 0 
196
x
0 3 0 3 0 
197
x
0 4 0 3 0 
198
x
0 4 0 3 0 
199
x
0 0 0 3 0 
200
x
0 4 0 3 0 
201
x
0 4 0 4 0 
202
x
0 0 0 4 0 
203
x
0 0 0 4 0 
204
x
0 0 0 4 0 
205
x
0 4 0 4 0 
206
x
0 4 0 4 0 
207
x
0 0 0 4 0 
208
x
0 0 0 4 0 
209
x
0 0 0 3 0 
210
x
0 0 0 3 0 
211
x
0 3 0 3 0 
212
x
0 3 0 3 0 
213
x
0 0 0 3 0 
214
x
0 0 0 3 0 
215
x
0 4 0 3 0 
216
x
0 4 0 3 0 
217
x
0 0 0 2 0 
218
x
0 0 0 2 0 
219
x
0 3 0 1 0 
220
x
0 3 0 1 0 
221
x
0 4 0 4 0 
222
x
0 4 0 4 0 
223
x
0 0 0 3 0 
224
x
0 0 0 3 0 
225
x
0 3 0 1 0 
226
x
0 3 0 1 0 
227
x
0 0 0 1 0 
228
x
0 0 0 1 0 
229
x
0 3 0 1 0 
230
x
0 3 0 1 0 
231
x
0 0 0 3 0 
232
x
0 0 0 3 0 
233
x
0 3 0 1 0 
234
x
0 3 0 1 0 
235
x
0 3 0 1 0 
236
x
0 3 0 1 0 
237
x
0 4 0 4 0 
238
x
0 4 0 4 0 
239
x
0 4 0 2 0 
240
x
0 4 0 2 0 
241
x
0 4 0 3 0 
242
x
0 4 0 3 0 
243
x
0 0 0 3 0 
244
x
0 3 0 0 0 
245
x
0 3 0 1 0 
246
x
0 0 0 4 0 
247
x
0 0 0 4 0 
248
x
0 3 0 2 0 
249
x
0 3 0 2 0 
250
x
0 0 0 1 0 
251
x
0 4 0 1 0 
252
x
0 4 0 1 0 
253
x
0 0 0 1 0 
254
x
0 0 0 4 0 
255
x
0 0 0 0 0 
256
x
0 0 0 2 0 
257
x
0 4 0 3 0 
258
x
0 4 0 3 0 
259
x
0 0 0 2 0 
260
x
0 4 0 2 0 
261
x
0 4 0 4 0 
262
x
0 1 0 4 0 
263
x
0 1 0 2 0 
264
x
0 1 0 2 0 
265
x
0 1 0 2 0 
266
x
0 1 0 2 0 
267
x
0 1 0 2 0 
268
x
0 4 0 2 0 
269
x
0 4 0 2 0 
270
x
0 3 0 2 0 
271
x
0 3 0 4 0 
272
x
0 0 0 4 0 
273
x
0 1 0 2 0 
274
x
0 1 0 2 0 
275
x
0 1 0 1 0 
276
x
0 0 0 1 0 
277
x
0 2 0 2 0 
278
x
0 2 0 2 0 
279
x
0 2 0 0 0 
280
x
0 4 0 4 0 
281
x
0 4 0 4 0 
282
x
0 4 0 1 0 
283
x
0 4 0 1 0 
284
x
0 4 0 3 0 
285
x
0 0 0 3 0 
286
x
0 0 0 4 0 
287
x
0 1 0 4 0 
288
x
0 2 0 2 0 
289
x
0 2 0 2 0 
290
x
0 0 0 4 0 
291
x
0 2 0 4 0 
292
x
0 2 0 1 0 
293
x
0 2 0 1 0 
294
x
0 2 0 1 0 
295
x
0 0 0 1 0 
296
x
0 3 0 1 0 
297
x
0 3 0 1 0 
298
x
0 1 0 1 0 
299
x
0 1 0 1 0 
300
x
0 4 0 1 0 
301
x
0 4 0 1 0 
302
x
0 0 0 1 0 
303
x
0 3 0 1 0 
304
x
0 3 0 1 0 
305
x
0 2 0 0 0 
306
x
0 2 0 2 0 
307
x
0 4 0 1 0 
308
x
0 4 0 0 0 
309
x
0 1 0 4 0 
310
x
0 1 0 0 0 
311
x
0 1 0 3 0 
312
x
0 1 0 0 0 
313
x
0 2 0 0 0 
314
x
0 2 0 2 0 
315
x
0 2 0 2 0 
316
x
0 2 0 2 0 
317
x
0 3 0 2 0 
318
x
0 3 0 2 0 
319
x
0 3 0 1 0 
320
x
0 0 0 1 0 
321
x
0 0 0 4 0 
322
x
0 2 0 4 0 
323
x
0 1 0 1 0 
324
x
0 1 0 1 0 
325
x
0 1 0 1 0 
326
x
0 1 0 0 0 
327
x
0 4 0 4 0 
328
x
0 4 0 4 0 
329
x
0 4 0 4 0 
330
x
0 0 0 4 0 
331
x
0 2 0 4 0 
332
x
0 2 0 0 0 
333
x
0 2 0 4 0 
334
x
0 1 0 4 0 
335
x
0 1 0 4 0 
336
x
0 3 0 4 0 
337
x
0 3 0 4 0 
338
x
0 4 0 4 0 
339
x
0 4 0 0 0 
340
x
0 2 0 0 0 
341
x
0 2 0 2 0 
342
x
0 3 0 2 0 
343
x
0 3 0 0 0 
344
x
0 1 0 4 0 
345
x
0 1 0 4 0 
346
x
0 1 0 3 0 
347
x
0 1 0 3 0 
348
x
0 3 0 4 0 
349
x
0 3 0 4 0 
350
x
0 4 0 4 0 
351
x
0 4 0 4 0 
352
x
0 4 0 0 0 
353
x
0 4 0 4 0 
354
x
0 3 0 4 0 
355
x
0 3 0 1 0 
356
x
0 1 0 1 0 
357
x
0 1 0 4 0 
358
x
0 1 0 4 0 
359
x
0 0 0 4 0 
360
x
0 4 0 4 0 
361
x
0 1 0 0 0 
362
x
0 0 0 0 0 
363
x
0 4 0 0 0 
364
x
0 0 0 4 0 
365
x
0 3 0 0 0 
366
x
0 0 0 0 0 
367
x
0 0 0 3 0 
368
x
0 2 0 4 0 
369
x
0 1 0 0 0 
370
x
0 0 0 0 0 
371
x
0 4 0 0 0 
372
x
0 2 0 0 0 
373
x
0 2 0 3 0 
374
x
0 2 0 0 0 
375
x
0 2 0 4 0 
376
x
0 2 0 0 0 
377
x
0 2 0 0 0 
378
x
0 0 0 0 0 
379
x
0 0 0 0 0 
380
x
0 0 0 0 0 
381
x
0 1 0 3 0 
382
x
0 1 0 2 0 
383
x
0 1 0 2 0 
384
x
0 1 0 4 0 
385
x
0 1 0 0 0 
386
x
0 1 0 1 0 
387
x
0 3 0 0 0 
388
x
0 0 0 3 0 
389
x
0 4 0 3 0 
390
x
0 2 0 3 0 
391
x
0 2 0 3 0 
392
x
0 2 0 1 0 
393
x
0 2 0 0 0 
394
x
0 3 0 2 0 
395
x
0 3 0 2 0 
396
x
0 2 0 0 0 
397
x
0 2 0 3 0 
398
x
0 2 0 3 0 
399
x
0 2 0 3 0 
400
x
0 4 0 4 0 
401
x
0 4 0 4 0 
402
x
0 1 0 1 0 
403
x
0 1 0 1 0 
404
x
0 0 0 4 0 
405
x
0 3 0 4 0 
406
x
0 3 0 2 0 
407
x
0 3 0 2 0 
408
x
0 0 0 1 0 
409
x
0 2 0 1 0 
410
x
0 4 0 2 0 
411
x
0 4 0 2 0 
412
x
0 4 0 3 0 
413
x
0 0 0 3 0 
414
x
0 1 0 4 0 
415
x
0 2 0 4 0 
416
x
0 2 0 1 0 
417
x
0 1 0 1 0 
418
x
0 1 0 4 0 
419
x
0 2 0 4 0 
420
x
0 2 0 4 0 
421
x
0 0 0 0 0 
422
x
0 1 0 0 0 
423
x
0 1 0 3 0 
424
x
0 0 0 2 0 
425
x
0 3 0 2 0 
426
x
0 3 0 3 0 
427
x
0 3 0 3 0 
428
x
0 0 0 0 0 
429
x
0 4 0 0 0 
430
x
0 1 0 1 0 
431
x
0 1 0 1 0 
432
x
0 1 0 0 0 
433
x
0 1 0 2 0 
434
x
0 1 0 2 0 
435
x
0 0 0 0 0 
436
x
0 2 0 4 0 
437
x
0 3 0 4 0 
438
x
0 3 0 4 0 
439
x
0 4 0 0 0 
440
x
0 4 0 3 0 
441
x
0 1 0 1 0 
442
x
0 0 0 1 0 
443
x
0 2 0 0 0 
444
x
0 1 0 2 0 
445
x
0 0 0 2 0 
446
x
0 0 0 0 0 
447
x
0 0 0 3 0 
448
x
0 2 0 3 0 
449
x
0 1 0 0 0 
450
x
0 0 0 3 0 
451
x
0 3 0 3 0 
452
x
0 2 0 1 0 
453
x
0 2 0 1 0 
454
x
0 4 0 4 0 
455
x
0 4 0 4 0 
456
x
0 3 0 0 0 
457
x
0 3 0 3 0 
458
x
0 2 0 3 0 
459
x
0 2 0 4 0 
460
x
0 2 0 4 0 
461
x
0 2 0 0 0 
462
x
0 0 0 4 0 
463
x
0 0 0 4 0 
464
x
0 1 0 2 0 
465
x
0 1 0 2 0 
466
x
0 1 0 0 0 
467
x
0 1 0 1 0 
468
x
0 3 0 1 0 
469
x
0 3 0 2 0 
470
x
0 1 0 2 0 
471
x
0 1 0 0 0 
472
x
0 1 0 0 0 
473
x
0 0 0 4 0 
474
x
0 4 0 0 0 
475
x
0 0 0 1 0 
476
x
0 3 0 1 0 
477
x
0 0 0 0 0 
478
x
0 0 0 3 0 
479
x
0 0 0 4 0 
480
x
0 0 0 0 0 
481
x
0 4 0 2 0 
482
x
0 4 0 3 0 
483
x
0 0 0 3 0 
484
x
0 3 0 4 0 
485
x
0 3 0 4 0 
486
x
0 0 0 0 0 
487
x
0 2 0 2 0 
488
x
0 0 0 0 0 
489
d
0 4 0 0 0 
490
d
0 4 0 3 0 
491
d
0 2 0 4 0 
492
d
0 2 0 0 0 
493
d
0 3 0 0 0 
494
d
0 3 0 1 0 
495
d
0 4 0 1 0 
496
a
0 4 0 0 0 
497
a
0 4 0 3 0 
498
a
0 4 0 3 0 
499
a
0 3 0 3 0 
500
a
0 3 0 2 0 
501
a
0 1 0 2 0 
502
a
0 1 0 3 0 
503
a
0 4 0 3 0 
504
a
0 4 0 0 0 
505
a
0 4 0 4 0 
506
a
0 0 0 4 0 
507
a
0 1 0 3 0 
508
a
0 0 0 3 0 
509
a
0 0 0 4 0 
510
a
0 0 0 4 0 
511
a
0 2 0 1 0 
512
w
0 2 0 1 0 
513
w
0 2 0 3 0 
514
w
0 2 0 3 0 
515
w
0 0 0 0 0 
516
w
0 3 0 4 0 
517
a
0 3 0 4 0 
518
a
0 2 0 0 0 
519
a
0 2 0 2 0 
520
a
0 1 0 2 0 
521
a
0 1 0 1 0 
522
a
0 2 0 1 0 
523
a
0 2 0 3 0 
524
a
0 1 0 3 0 
525
a
0 1 0 3 0 
526
a
0 2 0 3 0 
527
a
0 2 0 0 0 
528
a
0 1 0 0 0 
529
a
0 1 0 3 0 
530
a
0 3 0 3 0 
531
a
0 3 0 3 0 
532
a
0 3 0 3 0 
533
a
0 3 0 4 0 
534
a
0 3 0 4 0 
535
a
0 3 0 0 0 
536
a
0 4 0 0 0 
537
a
0 4 0 2 0 
538
a
0 3 0 2 0 
539
a
0 3 0 4 0 
540
a
0 4 0 4 0 
541
a
0 4 0 0 0 
542
a
0 2 0 0 0 
543
a
0 2 0 1 0 
544
a
0 1 0 1 0 
545
a
0 1 0 2 0 
546
a
0 4 0 2 0 
547
a
0 4 0 1 0 
548
a
0 3 0 1 0 
549
a
0 3 0 4 0 
550
a
0 4 0 4 0 
551
a
0 4 0 4 0 
552
a
0 2 0 4 0 
553
x
0 0 0 2 0 
554
x
0 1 0 2 0 
555
x
0 3 0 1 0 
556
x
0 3 0 1 0 
557
x
0 2 0 2 0 
558
x
0 2 0 2 0 
559
w
0 2 0 0 0 
560
w
0 2 0 1 0 
561
w
0 0 0 1 0 
562
w
0 0 0 2 0 
563
w
0 1 0 2 0 
564
w
0 1 0 4 0 
565
w
0 4 0 4 0 
566
w
0 0 0 1 0 
567
w
0 0 0 1 0 
568
w
0 2 0 4 0 
569
w
0 0 0 0 0 
570
w
0 1 0 3 0 
571
w
0 1 0 3 0 
572
w
0 3 0 3 0 
573
w
0 3 0 4 0 
574
w
0 2 0 4 0 
575
d
0 2 0 2 0 
576
d
0 1 0 2 0 
577
d
0 1 0 0 0 
578
d
0 2 0 1 0 
579
a
0 2 0 1 0 
580
a
0 1 0 2 0 
581
a
0 1 0 2 0 
582
a
0 3 0 4 0 
583
a
0 3 0 0 0 
584
a
0 4 0 0 0 
585
a
0 4 0 0 0 
586
x
0 4 0 0 0 
587
x
0 4 0 0 0 
588
x
0 4 0 0 0 
589
a
0 4 0 0 0 
590
a
0 3 0 1 0 
591
a
0 3 0 0 0 
592
a
0 1 0 0 0 
593
w
0 1 0 1 0 
594
a
0 0 0 0 0 
595
a
0 0 0 3 0 
596
a
0 4 0 2 0 
597
a
0 4 0 2 0 
598
a
0 3 0 4 0 
599
a
0 3 0 0 0 
600
a
0 2 0 0 0 
601
a
0 2 0 0 0 
602
x
0 4 0 0 0 
603
x
0 4 0 0 0 
604
x
0 1 0 0 0 
605
x
0 1 0 1 0 
606
x
0 1 0 3 0 
607
x
0 1 0 3 0 
608
w
0 3 0 2 0 
609
w
0 3 0 0 0 
610
d
0 2 0 1 0 
611
d
0 2 0 2 0 
612
d
0 0 0 0 0 
613
d
0 2 0 0 0 
614
d
0 2 0 4 0 
615
d
0 1 0 4 0 
616
d
0 1 0 0 0 
617
d
0 2 0 3 0 
618
d
0 2 0 0 0 
619
d
0 1 0 3 0 
620
d
0 1 0 3 0 
621
d
0 4 0 3 0 
622
x
0 4 0 3 0 
623
x
0 1 0 4 0 
624
x
0 1 0 4 0 
625
x
0 3 0 4 0 
626
x
0 3 0 4 0 
627
x
0 1 0 0 0 
628
d
0 0 0 3 0 
629
d
0 0 0 3 0 
630
d
0 0 0 0 0 
631
d
0 0 0 3 0 
632
d
0 2 0 3 0 
633
d
0 4 0 4 0 
634
d
0 4 0 4 0 
635
d
0 2 0 4 0 
636
d
0 2 0 4 0 
637
d
0 3 0 0 0 
638
d
0 3 0 3 0 
639
d
0 1 0 3 0 
640
d
0 1 0 4 0 
641
d
0 4 0 4 0 
642
d
0 4 0 1 0 
643
d
0 2 0 1 0 
644
d
0 2 0 3 0 
645
d
0 2 0 3 0 
646
x
0 2 0 0 0 
647
x
0 4 0 0 0 
648
x
0 4 0 4 0 
649
x
0 2 0 4 0 
650
x
0 2 0 0 0 
651
x
0 1 0 0 0 
652
x
0 1 0 0 0 
653
x
0 1 0 4 0 
654
x
0 1 0 0 0 
655
x
0 4 0 3 0 
656
x
0 0 0 3 0 
657
x
0 2 0 3 0 
658
x
0 1 0 4 0 
659
a
0 1 0 4 0 
660
a
0 1 0 2 0 
661
x
0 1 0 2 0 
662
x
0 0 0 3 0 
663
x
0 2 0 3 0 
664
x
0 2 0 0 0 
665
x
0 1 0 0 0 
666
x
0 1 0 4 0 
667
x
0 0 0 4 0 
668
x
0 0 0 3 0 
669
x
0 2 0 3 0 
670
x
0 2 0 0 0 
671
x
0 0 0 4 0 
672
w
0 0 0 4 0 
673
a
0 2 0 3 0 
674
a
0 2 0 3 0 
675
a
0 2 0 1 0 
676
w
0 2 0 1 0 
677
a
0 0 0 4 0 
678
a
0 2 0 4 0 
679
a
0 2 0 4 0 
680
a
0 2 0 0 0 
681
a
0 2 0 3 0 
682
a
0 0 0 0 0 
683
a
0 3 0 4 0 
684
a
0 3 0 0 0 
685
a
0 3 0 0 0 
686
a
0 0 0 3 0 
687
a
0 2 0 3 0 
688
a
0 2 0 3 0 
689
a
0 2 0 3 0 
690
a
0 2 0 3 0 
691
a
0 2 0 3 0 
692
a
0 1 0 3 0 
693
a
0 1 0 0 0 
694
a
0 4 0 3 0 
695
a
0 4 0 3 0 
696
a
0 1 0 4 0 
697
a
0 1 0 4 0 
698
a
0 1 0 2 0 
699
a
0 1 0 2 0 
700
a
0 2 0 3 0 
701
a
0 2 0 3 0 
702
a
0 1 0 4 0 
703
a
0 1 0 4 0 
704
a
0 4 0 0 0 
705
a
0 0 0 0 0 
706
a
0 0 0 0 0 
707
a
0 2 0 1 0 
708
a
0 1 0 1 0 
709
a
0 1 0 4 0 
710
a
0 1 0 4 0 
711
a
0 1 0 0 0 
712
a
0 3 0 2 0 
713
a
0 3 0 2 0 
714
a
0 1 0 0 0 
715
a
0 1 0 0 0 
716
a
0 4 0 3 0 
717
a
0 4 0 3 0 
718
a
0 3 0 0 0 
719
a
0 3 0 0 0 
720
a
0 1 0 3 0 
721
a
0 1 0 3 0 
722
a
0 4 0 1 0 
723
a
0 4 0 1 0 
724
a
0 3 0 4 0 
725
a
0 3 0 4 0 
726
a
0 4 0 2 0 
727
a
0 4 0 2 0 
728
a
0 2 0 1 0 
729
a
0 2 0 1 0 
730
a
0 3 0 0 0 
731
a
0 3 0 4 0 
732
a
0 3 0 4 0 
733
a
0 3 0 0 0 
734
a
0 3 0 3 0 
735
a
0 3 0 3 0 
736
a
0 3 0 4 0 
737
a
0 3 0 4 0 
738
a
0 3 0 4 0 
739
a
0 3 0 4 0 
740
a
0 4 0 0 0 
741
a
0 4 0 0 0 
742
a
0 3 0 4 0 
743
a
0 3 0 4 0 
744
a
0 3 0 2 0 
745
a
0 0 0 2 0 
746
a
0 0 0 0 0 
747
a
0 0 0 4 0 
748
a
0 2 0 0 0 
749
a
0 4 0 0 0 
750
a
0 4 0 0 0 
751
a
0 1 0 0 0 
752
a
0 0 0 3 0 
753
a
0 3 0 1 0 
754
a
0 4 0 1 0 
755
a
0 4 0 0 0 
756
a
0 3 0 0 0 
757
a
0 3 0 2 0 
758
a
0 3 0 2 0 
759
a
0 0 0 0 0 
760
a
0 4 0 3 0 
761
a
0 4 0 3 0 
762
a
0 4 0 0 0 
763
a
0 2 0 3 0 
764
a
0 2 0 3 0 
765
a
0 4 0 3 0 
766
a
0 4 0 3 0 
767
a
0 4 0 1 0 
768
a
0 0 0 1 0 
769
a
0 0 0 3 0 
770
a
0 0 0 3 0 
771
a
0 2 0 4 0 
772
a
0 2 0 4 0 
773
w
0 2 0 4 0 
774
w
0 0 0 4 0 
775
w
0 0 0 3 0 
776
w
0 0 0 3 0 
777
w
0 0 0 4 0 
778
w
0 0 0 4 0 
779
w
0 0 0 3 0 
780
w
0 3 0 3 0 
781
w
0 3 0 2 0 
782
w
0 0 0 2 0 
783
w
0 0 0 0 0 
784
w
0 4 0 1 0 
785
a
0 4 0 1 0 
786
w
0 0 0 3 0 
787
w
0 1 0 3 0 
788
w
0 1 0 3 0 
789
w
0 3 0 3 0 
790
w
0 3 0 2 0 
791
w
0 3 0 2 0 
792
w
0 3 0 1 0 
793
a
0 3 0 1 0 
794
a
0 3 0 3 0 
795
a
0 0 0 3 0 
796
d
0 0 0 3 0 
797
d
0 0 0 3 0 
798
d
0 1 0 2 0 
799
x
0 1 0 2 0 
800
x
0 0 0 0 0 
801
x
0 4 0 1 0 
802
a
0 4 0 1 0 
803
a
0 4 0 4 0 
804
z
0 4 0 4 0 
805
x
0 3 0 2 0 
806
x
0 3 0 2 0 
807
x
0 3 0 4 0 
808
x
0 3 0 4 0 
809
x
0 1 0 3 0 
810
x
0 0 0 3 0 
811
x
0 4 0 4 0 
812
x
0 2 0 4 0 
813
x
0 2 0 3 0 
814
x
0 4 0 3 0 
815
x
0 4 0 3 0 
816
x
0 2 0 3 0 
817
x
0 0 0 0 0 
818
x
0 4 0 4 0 
819
d
0 3 0 4 0 
820
d
0 3 0 1 0 
821
d
0 3 0 1 0 
822
d
0 3 0 3 0 
823
d
0 0 0 3 0 
824
d
0 0 0 3 0 
825
d
0 4 0 3 0 
826
d
0 4 0 3 0 
827
d
0 0 0 3 0 
828
d
0 1 0 0 0 
829
d
0 1 0 2 0 
830
d
0 4 0 2 0 
831
d
0 4 0 0 0 
832
d
0 3 0 3 0 
833
d
0 3 0 3 0 
834
d
0 4 0 4 0 
835
d
0 4 0 4 0 
836
d
0 3 0 0 0 
837
d
0 3 0 4 0 
838
d
0 4 0 4 0 
839
d
0 4 0 3 0 
840
d
0 2 0 3 0 
841
d
0 2 0 3 0 
842
d
0 0 0 3 0 
843
w
0 3 0 3 0 
844
w
0 3 0 3 0 
845
w
0 1 0 4 0 
846
w
0 1 0 4 0 
847
w
0 4 0 1 0 
848
d
0 4 0 1 0 
849
d
0 4 0 4 0 
850
d
0 4 0 4 0 
851
d
0 2 0 3 0 
852
d
0 2 0 3 0 
853
d
0 3 0 3 0 
854
d
0 3 0 3 0 
855
d
0 1 0 2 0 
856
d
0 1 0 2 0 
857
d
0 3 0 3 0 
858
a
0 3 0 3 0 
859
a
0 2 0 1 0 
860
a
0 2 0 0 0 
861
a
0 0 0 0 0 
862
a
0 1 0 4 0 
863
a
0 1 0 2 0 
864
a
0 4 0 2 0 
865
a
0 4 0 3 0 
866
a
0 2 0 3 0 
867
a
0 2 0 1 0 
868
a
0 4 0 0 0 
869
a
0 4 0 4 0 
870
a
0 1 0 2 0 
871
a
0 1 0 2 0 
872
a
0 3 0 1 0 
873
a
0 3 0 1 0 
874
a
0 3 0 3 0 
875
a
0 3 0 3 0 
876
a
0 1 0 0 0 
877
a
0 0 0 2 0 
878
a
0 0 0 2 0 
879
a
0 3 0 4 0 
880
a
0 2 0 4 0 
881
a
0 2 0 4 0 
882
a
0 2 0 4 0 
883
a
0 0 0 1 0 
884
a
0 0 0 1 0 
885
a
0 4 0 4 0 
886
a
0 3 0 4 0 
887
a
0 3 0 4 0 
888
a
0 0 0 4 0 
889
a
0 0 0 3 0 
890
a
0 0 0 3 0 
891
a
0 1 0 1 0 
892
x
0 1 0 1 0 
893
x
0 1 0 0 0 
894
x
0 0 0 3 0 
895
x
0 0 0 3 0 
896
x
0 2 0 0 0 
897
x
0 1 0 2 0 
898
x
0 0 0 2 0 
899
x
0 0 0 4 0 
900
x
0 0 0 4 0 
901
a
0 2 0 3 0 
902
a
0 1 0 3 0 
903
a
0 0 0 1 0 
904
a
0 0 0 1 0 
905
a
0 0 0 2 0 
906
a
0 4 0 2 0 
907
w
0 0 0 2 0 
908
w
0 3 0 2 0 
909
w
0 0 0 3 0 
910
d
0 2 0 3 0 
911
d
0 0 0 3 0 
912
d
0 4 0 3 0 
913
d
0 4 0 1 0 
914
d
0 4 0 1 0 
915
w
0 4 0 3 0 
916
w
0 1 0 3 0 
917
w
0 0 0 3 0 
918
d
0 4 0 3 0 
919
d
0 0 0 1 0 
920
d
0 3 0 1 0 
921
d
0 3 0 4 0 
922
d
0 0 0 0 0 
923
d
0 3 0 0 0 
924
d
0 3 0 3 0 
925
d
0 4 0 2 0 
926
d
0 4 0 2 0 
927
d
0 3 0 4 0 
928
d
0 3 0 4 0 
929
d
0 2 0 3 0 
930
d
0 2 0 3 0 
931
d
0 3 0 4 0 
932
d
0 0 0 4 0 
933
d
0 4 0 1 0 
934
d
0 4 0 0 0 
935
d
0 4 0 0 0 
936
d
0 1 0 0 0 
937
d
0 1 0 0 0 
938
d
0 4 0 0 0 
939
d
0 4 0 0 0 
940
d
0 3 0 0 0 
941
d
0 3 0 0 0 
942
x
0 0 0 2 0 
943
x
0 0 0 3 0 
944
x
0 0 0 3 0 
945
x
0 2 0 3 0 
946
x
0 2 0 3 0 
947
x
0 4 0 4 0 
948
x
0 4 0 4 0 
949
x
0 1 0 3 0 
950
x
0 1 0 3 0 
951
x
0 0 0 1 0 
952
x
0 2 0 1 0 
953
x
0 2 0 2 0 
954
x
0 4 0 2 0 
955
x
0 0 0 1 0 
956
w
0 1 0 1 0 
957
w
0 2 0 0 0 
958
w
0 2 0 4 0 
959
w
0 1 0 4 0 
960
w
0 1 0 3 0 
961
w
0 3 0 3 0 
962
a
0 3 0 2 0 
963
a
0 1 0 2 0 
964
w
0 0 0 0 0 
965
w
0 0 0 0 0 
966
w
0 2 0 0 0 
967
w
0 3 0 1 0 
968
w
0 3 0 1 0 
969
w
0 3 0 4 0 
970
w
0 3 0 4 0 
971
w
0 2 0 2 0 
972
a
0 2 0 2 0 
973
a
0 4 0 3 0 
974
w
0 4 0 3 0 
975
w
0 3 0 1 0 
976
w
0 3 0 1 0 
977
d
0 1 0 0 0 
978
d
0 1 0 0 0 
979
d
0 1 0 4 0 
980
d
0 0 0 4 0 
981
d
0 2 0 3 0 
982
d
0 4 0 3 0 
983
d
0 4 0 0 0 
984
d
0 1 0 2 0 
985
d
0 0 0 2 0 
986
d
0 0 0 2 0 
987
d
0 3 0 2 0 
988
d
0 4 0 2 0 
989
d
0 4 0 2 0 
990
d
0 3 0 0 0 
991
d
0 3 0 1 0 
992
d
0 3 0 1 0 
993
d
0 0 0 1 0 
994
x
0 0 0 1 0 
995
x
0 2 0 4 0 
996
x
0 4 0 4 0 
997
x
0 4 0 4 0 
998
w
0 2 0 4 0 
999
w
0 2 0 4 0 
1000
w
0 3 0 4 0 
1001
w
0 3 0 2 0 
1002
w
0 4 0 2 0 
1003
a
0 4 0 2 0 
1004
a
0 4 0 2 0 
1005
a
0 4 0 4 0 
1006
a
0 1 0 4 0 
1007
a
0 1 0 3 0 
1008
a
0 4 0 3 0 
1009
a
0 4 0 4 0 
1010
a
0 3 0 4 0 
1011
a
0 3 0 1 0 
1012
a
0 2 0 1 0 
1013
a
0 2 0 2 0 
1014
a
0 0 0 2 0 
1015
a
0 4 0 1 0 
1016
a
0 4 0 1 0 
1017
a
0 3 0 4 0 
1018
a
0 3 0 4 0 
1019
a
0 3 0 2 0 
1020
a
0 3 0 2 0 
1021
a
0 1 0 2 0 
1022
a
0 1 0 2 0 
1023
a
0 3 0 3 0 
1024
a
0 3 0 3 0 
1025
a
0 1 0 4 0 
1026
x
0 0 0 4 0 
1027
x
0 0 0 3 0 
1028
x
0 2 0 3 0 
1029
x
0 4 0 
