1

0 0 0 0 
2

0 0 0 0 
3

0 0 0 0 
4

0 0 0 0 
5

0 0 0 0 
6

0 0 0 0 
7

0 0 0 0 
8

0 0 0 0 
9

0 0 0 0 
10

0 0 0 0 
11

0 0 0 0 
12

0 0 0 0 
13

0 0 0 0 
14

0 0 0 0 
15

0 0 0 0 
16

0 0 0 0 
17

0 0 0 0 
18

0 0 0 0 
19

0 0 0 0 
20

0 0 0 0 
21
c
0 0 0 0 
22
c
0 0 0 0 
23
c
0 0 0 0 
24
x
0 0 0 0 
25
x
0 0 0 0 
26
x
0 0 0 0 
27
x
0 0 0 0 
28
a
0 0 0 0 
29
a
0 0 0 0 
30
a
0 0 0 0 
31
a
0 0 0 0 
32
a
0 0 0 0 
33
a
0 0 0 0 
34
a
0 0 0 0 
35
a
0 0 0 0 
36
a
0 0 0 0 
37
a
0 0 0 0 
38
a
0 0 0 0 
39
a
0 0 0 0 
40
a
0 0 0 0 
41
a
0 0 0 0 
42
a
0 0 0 0 
43
a
0 0 0 0 
44
a
0 0 0 0 
45
a
0 0 0 0 
46
a
0 0 0 0 
47
a
0 0 0 0 
48
x
0 0 0 0 
49
a
0 0 0 0 
50
a
0 0 0 0 
51
a
0 0 0 0 
52
a
0 0 0 0 
53
a
0 0 0 0 
54
a
0 0 0 0 
55
a
0 0 0 0 
56
a
0 0 0 0 
57
x
0 0 0 0 
58
a
0 0 0 0 
59
a
0 0 0 0 
60
a
0 0 0 0 
61
a
0 0 0 0 
62
w
0 0 0 0 
63
w
0 0 0 0 
64
a
0 0 0 0 
65
a
0 0 0 0 
66
a
0 0 0 0 
67
a
0 0 0 0 
68
a
0 0 0 0 
69
a
0 0 0 0 
70
a
0 0 0 0 
71
a
0 0 0 0 
72
a
0 0 0 0 
73
x
0 0 0 0 
74
x
0 0 0 0 
75
x
0 0 0 0 
76
w
0 0 0 0 
77
w
0 0 0 0 
78
w
0 0 0 0 
79
w
0 0 0 0 
80
w
0 0 0 0 
81
w
0 0 0 0 
82
w
0 0 0 0 
83
w
0 0 0 0 
84
w
0 0 0 0 
85
w
0 0 0 0 
86
w
0 0 0 0 
87
x
0 0 0 0 
88
d
0 0 0 0 
89
d
0 0 0 0 
90
d
0 0 0 0 
91
x
0 0 0 0 
92
x
0 0 0 0 
93
x
0 0 0 0 
94
x
0 0 0 0 
95
x
0 0 0 0 
96
x
0 0 0 0 
97
x
0 0 0 0 
98
x
0 0 0 0 
99
x
0 0 0 0 
100
x
0 0 0 0 
101
x
0 0 0 0 
102
x
0 0 0 0 
103
x
0 0 0 0 
104
x
0 0 0 0 
105
x
0 0 0 0 
106
x
0 0 0 0 
107
x
0 0 0 0 
108
x
0 0 0 0 
109
x
0 0 0 0 
110
x
0 0 0 0 
111
x
0 0 0 0 
112
x
0 0 0 0 
113
x
0 0 0 0 
114
x
0 0 0 0 
115
x
0 0 0 0 
116
w
0 0 0 0 
117
a
0 0 0 0 
118
a
0 0 0 0 
119
a
0 0 0 0 
120
a
0 0 0 0 
121
a
0 0 0 0 
122
a
0 0 0 0 
123
a
0 0 0 0 
124
a
0 0 0 0 
125
a
0 0 0 0 
126
a
0 0 0 0 
127
a
0 0 0 0 
128
a
0 0 0 0 
129
a
0 0 0 0 
130
a
0 0 0 0 
131
a
0 0 0 0 
132
a
0 0 0 0 
133
a
0 0 0 0 
134
a
0 0 0 0 
135
a
0 0 0 0 
136
a
0 0 0 0 
137
a
0 0 0 0 
138
a
0 0 0 0 
139
a
0 0 0 0 
140
a
0 0 0 0 
1

0 0 0 0 
2

0 0 0 0 
3

0 0 0 0 
4

0 0 0 0 
5

0 0 0 0 
6

0 0 0 0 
7

0 0 0 0 
8

0 0 0 0 
9

0 0 0 0 
10

0 0 0 0 
11

0 0 0 0 
12

0 0 0 0 
13

0 0 0 0 
14

0 0 0 0 
15

0 0 0 0 
16

0 0 0 0 
17
x
0 0 0 0 
18
x
0 0 0 0 
19
x
0 0 0 0 
20
a
0 0 0 0 
21
a
0 0 0 0 
22
a
0 0 0 0 
23
a
0 0 0 0 
24
a
0 0 0 0 
25
a
0 0 0 0 
26
a
0 0 0 0 
27
a
0 0 0 0 
28
a
0 0 0 0 
29
a
0 0 0 0 
30
a
0 0 0 0 
31
a
0 0 0 0 
32
a
0 0 0 0 
33
a
0 0 0 0 
34
a
0 0 0 0 
35
a
0 0 0 0 
36
a
0 0 0 0 
37
a
0 0 0 0 
38
a
0 0 0 0 
39
a
0 0 0 0 
40
a
0 0 0 0 
41
a
0 0 0 0 
42
x
0 0 0 0 
43
x
0 0 0 0 
44
x
0 0 0 0 
45
a
0 0 0 0 
46
a
0 0 0 0 
47
a
0 0 0 0 
48
w
0 0 0 0 
49
w
0 0 0 0 
50
a
0 0 0 0 
51
a
0 0 0 0 
52
a
0 0 0 0 
53
a
0 0 0 0 
54
a
0 0 0 0 
55
a
0 0 0 0 
56
a
0 0 0 0 
57
a
0 0 0 0 
58
a
0 0 0 0 
59
a
0 0 0 0 
60
a
0 0 0 0 
61
a
0 0 0 0 
62
a
0 0 0 0 
63
a
0 0 0 0 
64
a
0 0 0 0 
65
a
0 0 0 0 
66
a
0 0 0 0 
67
a
0 0 0 0 
68
a
0 0 0 0 
69
a
0 0 0 0 
70
a
0 0 0 0 
71
a
0 0 0 0 
72
a
0 0 0 0 
73
a
0 0 0 0 
74
a
0 0 0 0 
75
a
0 0 0 0 
76
a
0 0 0 0 
77
a
0 0 0 0 
78
a
0 0 0 0 
79
a
0 0 0 0 
80
a
0 0 0 0 
81
a
0 0 0 0 
82
a
0 0 0 0 
83
a
0 0 0 0 
84
a
0 0 0 0 
85
a
0 0 0 0 
86
a
0 0 0 0 
87
a
0 0 0 0 
88
a
0 0 0 0 
89
a
0 0 0 0 
90
a
0 0 0 0 
91
a
0 0 0 0 
92
d
0 0 0 0 
93
d
0 0 0 0 
94
d
0 0 0 0 
95
d
0 0 0 0 
96
d
0 0 0 0 
97
d
0 0 0 0 
98
d
0 0 0 0 
99
x
0 0 0 0 
100
x
0 0 0 0 
101
x
0 0 0 0 
102
x
0 0 0 0 
103
x
0 0 0 0 
104
x
0 0 0 0 
105
x
0 0 0 0 
106
d
0 0 0 0 
107
d
0 0 0 0 
108
x
0 0 0 0 
109
x
0 0 0 0 
110
x
0 0 0 0 
111
x
0 0 0 0 
112
a
0 0 0 0 
113
a
0 0 0 0 
114
a
0 0 0 0 
1

0 0 0 0 
2

0 0 0 0 
3

0 0 0 0 
4

0 0 0 0 
5

0 0 0 0 
6

0 0 0 0 
7

0 0 0 0 
8

0 0 0 0 
9

0 0 0 0 
10

0 0 0 0 
11

0 0 0 0 
12

0 0 0 0 
13

0 0 0 0 
14

0 0 0 0 
15

0 0 0 0 
16
x
0 0 0 0 
17
x
0 0 0 0 
18
x
0 0 0 0 
19
x
0 0 0 0 
20
a
0 0 0 0 
21
a
0 0 0 0 
22
a
0 0 0 0 
23
a
0 0 0 0 
24
a
0 0 0 0 
25
a
0 0 0 0 
26
a
0 0 0 0 
27
a
0 0 0 0 
28
a
0 0 0 0 
29
a
0 0 0 0 
30
a
0 0 0 0 
31
a
0 0 0 0 
32
a
0 0 0 0 
33
a
0 0 0 0 
34
a
0 0 0 0 
35
a
0 0 0 0 
36
a
0 0 0 0 
37
a
0 0 0 0 
38
a
0 0 0 0 
39
a
0 0 0 0 
40
x
0 0 0 0 
41
a
0 0 0 0 
42
a
0 0 0 0 
43
a
0 0 0 0 
44
a
0 0 0 0 
45
a
0 0 0 0 
46
x
0 0 0 0 
47
x
0 0 0 0 
48
x
0 0 0 0 
49
a
0 0 0 0 
50
a
0 0 0 0 
51
a
0 0 0 0 
52
a
0 0 0 0 
53
w
0 0 0 0 
54
a
0 0 0 0 
55
a
0 0 0 0 
56
a
0 0 0 0 
57
a
0 0 0 0 
58
a
0 0 0 0 
59
w
0 0 0 0 
60
w
0 0 0 0 
61
w
0 0 0 0 
62
w
0 0 0 0 
63
w
0 0 0 0 
64
w
0 0 0 0 
65
w
0 0 0 0 
66
a
0 0 0 0 
67
a
0 0 0 0 
68
a
0 0 0 0 
69
a
0 0 0 0 
70
a
0 0 0 0 
71
a
0 0 0 0 
72
x
0 0 0 0 
73
x
0 0 0 0 
74
x
0 0 0 0 
75
x
0 0 0 0 
76
x
0 0 0 0 
77
x
0 0 0 0 
78
x
0 0 0 0 
79
x
0 0 0 0 
80
c
0 0 0 0 
81
c
0 0 0 0 
82
c
0 0 0 0 
83
c
0 0 0 0 
84
c
0 0 0 0 
85
c
0 0 0 0 
86
c
0 0 0 0 
87
c
0 0 0 0 
88
c
0 0 0 0 
89
c
0 0 0 0 
90
d
0 0 0 0 
91
d
0 0 0 0 
92
d
0 0 0 0 
93
x
0 0 0 0 
94
x
0 0 0 0 
95
x
0 0 0 0 
96
x
0 0 0 0 
97
x
0 0 0 0 
98
x
0 0 0 0 
99
x
0 0 0 0 
100
x
0 0 0 0 
101
x
0 0 0 0 
102
a
0 0 0 0 
103
a
0 0 0 0 
104
a
0 0 0 0 
105
w
0 0 0 0 
106
w
0 0 0 0 
107
w
0 0 0 0 
108
a
0 0 0 0 
109
a
0 0 0 0 
110
a
0 0 0 0 
111
a
0 0 0 0 
112
a
0 0 0 0 
113
a
0 0 0 0 
114
a
0 0 0 0 
115
a
0 0 0 0 
116
a
0 0 0 0 
117
w
0 0 0 0 
118
w
0 0 0 0 
119
w
0 0 0 0 
120
w
0 0 0 0 
121
w
0 0 0 0 
122
w
0 0 0 0 
123
w
0 0 0 0 
124
w
0 0 0 0 
125
w
0 0 0 0 
126
d
0 0 0 0 
127
d
0 0 0 0 
128
d
0 0 0 0 
129
d
0 0 0 0 
130
w
0 0 0 0 
131
w
0 0 0 0 
132
w
0 0 0 0 
133
a
0 0 0 0 
134
a
0 0 0 0 
135
w
0 0 0 0 
136
a
0 0 0 0 
137
a
0 0 0 0 
138
a
0 0 0 0 
139
w
0 0 0 0 
140
w
0 0 0 0 
